IMG_0394.png
2.082039911308204,1.0,1.4141566265060241
IMG_0840.png
1.3213166144200628,1.0,3.133828996282528
IMG_0554.png
1.3305898491083676,1.0,2.7873563218390807
IMG_0876.png
1.7457627118644068,1.0,1.9807692307692308
IMG_0782.png
2.2099236641221376,1.0,1.273927392739274
IMG_0812.png
2.252032520325203,1.0,1.2619589977220957
IMG_0365.png
1.953522149600581,1.0,1.4675395526459356
IMG_0821.png
2.258555133079848,1.0,1.2531645569620253
IMG_0745.png
2.2286689419795223,1.0,1.290513833992095
IMG_0433.png
1.75,1.0,1.9782608695652173
IMG_0369.png
2.0106382978723403,1.0,1.447166921898928
IMG_0547.png
2.3105134474327627,1.0,1.4493865030674846
IMG_0870.png
2.0802919708029197,1.0,1.574585635359116
IMG_0544.png
1.2638036809815951,1.0,3.2492113564668768
IMG_0370.png
2.144781144781145,1.0,1.3495762711864407
IMG_0826.png
2.2804597701149425,1.0,1.2477987421383647
IMG_0895.png
1.2732732732732732,1.0,3.072463768115942
IMG_0877.png
1.75,1.0,1.9342105263157894
IMG_0492.png
2.1617161716171616,1.0,1.3477366255144032
IMG_0749.png
2.228426395939086,1.0,1.2836257309941521
IMG_0441.png
2.1466666666666665,1.0,1.3142857142857143
IMG_0894.png
1.2367424242424243,1.0,3.2814070351758793
IMG_0558.png
1.4064516129032258,1.0,2.477272727272727
IMG_0802.png
1.9407407407407407,1.0,1.5595238095238095
IMG_0398.png
2.1033898305084744,1.0,1.4346820809248555
IMG_0488.png
1.8918032786885246,1.0,1.5594594594594595
IMG_0615.png
1.6553524804177546,1.0,1.9507692307692308
IMG_0429.png
1.6911262798634812,1.0,1.662751677852349
IMG_0685.png
1.9126984126984128,1.0,1.7214285714285715
IMG_0498.png
2.1921487603305785,1.0,1.311495673671199
IMG_0431.png
2.18186372745491,1.0,1.3196969696969696
IMG_0626.png
1.55,1.0,3.263157894736842
IMG_0824.png
2.28,1.0,1.2596685082872927
IMG_0635.png
1.4495412844036697,1.0,2.449612403100775
IMG_0460.png
1.815126050420168,1.0,1.7419354838709677
IMG_0406.png
2.078402366863905,1.0,1.386969397828233
IMG_0586.png
1.2584269662921348,1.0,3.246376811594203
IMG_0831.png
2.277173913043478,1.0,1.2735562310030395
IMG_0531.png
2.0887792848335387,1.0,1.3976897689768977
IMG_0819.png
2.2644628099173554,1.0,1.2386980108499095
IMG_0786.png
2.2316176470588234,1.0,1.2752100840336134
IMG_0446.png
2.1690391459074734,1.0,1.3235613463626492
IMG_0773.png
2.198943661971831,1.0,1.2876288659793815
IMG_0861.png
1.2327044025157232,1.0,2.675767918088737
IMG_0457.png
2.139670223084384,1.0,1.336159903089037
IMG_0539.png
1.6620689655172414,1.0,1.9754098360655739
IMG_0459.png
1.9706601466992666,1.0,1.4816176470588236
IMG_0770.png
2.225563909774436,1.0,1.2758620689655173
IMG_0672.png
2.146153846153846,1.0,1.3392
IMG_0556.png
1.2638743455497383,1.0,3.1763157894736844
IMG_0589.png
1.2641509433962264,1.0,3.232456140350877
IMG_0555.png
1.246353322528363,1.0,3.30752688172043
IMG_0553.png
1.2914171656686626,1.0,3.1407766990291264
IMG_0747.png
2.201775625504439,1.0,1.2783505154639174
IMG_0620.png
1.2360097323600974,1.0,3.2564102564102564
IMG_0798.png
1.680672268907563,1.0,1.9704433497536946
IMG_0444.png
1.9349315068493151,1.0,1.502659574468085
IMG_0464.png
1.7450980392156863,1.0,1.7248062015503876
IMG_0419.png
1.9230028873917229,1.0,1.5113464447806355
IMG_0380.png
2.1535269709543567,1.0,1.3550913838120104
IMG_0522.png
2.164473684210526,1.0,1.353909465020576
IMG_0881.png
2.282178217821782,1.0,1.4634920634920634
IMG_0411.png
2.1255230125523012,1.0,1.358288770053476
IMG_0379.png
2.1503067484662575,1.0,1.3506743737957612
IMG_0424.png
2.1154929577464787,1.0,1.355595667870036
IMG_0376.png
2.152439024390244,1.0,1.3753246753246753
IMG_0565.png
1.4085106382978723,1.0,3.1826923076923075
IMG_0883.png
2.072139303482587,1.0,1.5866666666666667
IMG_0789.png
2.2033898305084745,1.0,1.3660245183887916
IMG_0636.png
2.2604166666666665,1.0,1.4563758389261745
IMG_0401.png
2.1414634146341465,1.0,1.3507692307692307
IMG_0815.png
2.2579881656804734,1.0,1.247874427730543
IMG_0820.png
2.260536398467433,1.0,1.2421052631578948
IMG_0580.png
1.7487179487179487,1.0,1.8944444444444444
IMG_0392.png
2.053691275167785,1.0,1.3421052631578947
IMG_0862.png
1.969325153374233,1.0,1.558252427184466
IMG_0858.png
1.617391304347826,1.0,2.268292682926829
IMG_0793.png
2.183673469387755,1.0,1.2788844621513944
IMG_0524.png
2.2961574507966263,1.0,1.252556237218814
IMG_0851.png
1.1275167785234899,1.0,3.9069767441860463
IMG_0494.png
1.8836363636363636,1.0,1.5625942684766214
IMG_0755.png
2.158590308370044,1.0,1.3066666666666666
IMG_0859.png
2.0848214285714284,1.0,1.436923076923077
IMG_0447.png
1.9679012345679012,1.0,1.484171322160149
IMG_0390.png
2.051256281407035,1.0,1.4153952843273232
IMG_0687.png
1.9759036144578312,1.0,1.682051282051282
IMG_0836.png
1.5715778474399165,1.0,2.494195688225539
IMG_0571.png
1.608695652173913,1.0,2.2653061224489797
IMG_0428.png
2.136904761904762,1.0,1.3547169811320754
IMG_0627.png
1.99009900990099,1.0,1.675
IMG_0521.png
2.2468879668049793,1.0,1.3403465346534653
IMG_0552.png
1.5119047619047619,1.0,2.267857142857143
IMG_0864.png
1.2689721421709894,1.0,2.5700389105058368
IMG_0483.png
2.3276209677419355,1.0,1.2360813704496787
IMG_0634.png
1.502145922746781,1.0,2.272727272727273
IMG_0767.png
2.2088772845953004,1.0,1.2808478425435277
IMG_0758.png
2.1824034334763946,1.0,1.2938931297709924
IMG_0599.png
1.2702702702702702,1.0,3.2413793103448274
IMG_0783.png
2.23321554770318,1.0,1.2690763052208835
IMG_0453.png
2.4043715846994536,1.0,1.2010919017288444
IMG_0879.png
2.2753623188405796,1.0,1.471875
IMG_0383.png
2.1441048034934496,1.0,1.7137870855148343
IMG_0896.png
2.2244897959183674,1.0,1.5138888888888888
IMG_0834.png
2.2934131736526946,1.0,1.2394822006472492
IMG_0593.png
1.3056426332288402,1.0,2.8873483535528597
IMG_0613.png
1.3571428571428572,1.0,2.686868686868687
IMG_0744.png
2.246774193548387,1.0,1.2994402985074627
IMG_0678.png
2.177581863979849,1.0,1.318840579710145
IMG_0796.png
2.188216039279869,1.0,1.304390243902439
IMG_0799.png
2.2384615384615385,1.0,1.2652173913043478
IMG_0423.png
2.113821138211382,1.0,1.3793103448275863
IMG_0807.png
2.268235294117647,1.0,1.2601307189542483
IMG_0780.png
2.208791208791209,1.0,1.2802547770700636
IMG_0768.png
1.9684210526315788,1.0,1.7314814814814814
IMG_0489.png
2.2579710144927536,1.0,1.5096899224806202
IMG_0507.png
2.219298245614035,1.0,1.3602150537634408
IMG_0576.png
1.3651877133105803,1.0,2.4539877300613497
IMG_0872.png
2.0434782608695654,1.0,1.7407407407407407
IMG_0477.png
2.0721649484536084,1.0,1.4105263157894736
IMG_0771.png
1.8667736757624398,1.0,1.5716216216216217
IMG_0418.png
1.868421052631579,1.0,1.5777777777777777
IMG_0402.png
2.1203703703703702,1.0,1.3630952380952381
IMG_0403.png
2.1277533039647576,1.0,1.36056338028169
IMG_0842.png
2.210526315789474,1.0,1.2901023890784984
IMG_0432.png
2.10230179028133,1.0,1.3908629441624365
IMG_0790.png
2.093220338983051,1.0,1.3954802259887005
IMG_0363.png
1.9725274725274726,1.0,1.4814305364511693
IMG_0427.png
2.09703196347032,1.0,1.3577235772357723
IMG_0606.png
2.30188679245283,1.0,1.5061728395061729
IMG_0597.png
1.9188405797101449,1.0,1.7105943152454781
IMG_0501.png
2.1850467289719626,1.0,1.3253968253968254
IMG_0832.png
2.2740213523131674,1.0,1.2456140350877194
IMG_0436.png
1.871559633027523,1.0,1.6451612903225807
IMG_0588.png
1.2704545454545455,1.0,3.15819209039548
IMG_0566.png
1.411764705882353,1.0,2.742857142857143
IMG_0804.png
2.263157894736842,1.0,1.2712082262210798
IMG_0374.png
2.1529745042492916,1.0,1.345132743362832
IMG_0863.png
1.5533333333333332,1.0,2.118181818181818
IMG_0458.png
2.189189189189189,1.0,1.3195488721804511
IMG_0486.png
2.227272727272727,1.0,1.4759036144578312
IMG_0595.png
1.2577777777777779,1.0,3.1797752808988764
IMG_0805.png
2.2534722222222223,1.0,1.2601941747572816
IMG_0511.png
2.261501210653753,1.0,1.2759562841530054
IMG_0808.png
2.230769230769231,1.0,1.3082706766917294
IMG_0631.png
1.3581818181818182,1.0,3.557142857142857
IMG_0845.png
2.311926605504587,1.0,1.2292682926829268
IMG_0839.png
1.3200568990042674,1.0,3.2447552447552446
IMG_0490.png
2.26980198019802,1.0,1.340643274853801
IMG_0564.png
2.279835390946502,1.0,1.3712871287128714
IMG_0577.png
1.263681592039801,1.0,3.2564102564102564
IMG_0600.png
1.319327731092437,1.0,3.0784313725490198
IMG_0806.png
2.2509702457956013,1.0,1.256317689530686
IMG_0757.png
2.2035714285714287,1.0,1.2881002087682671
IMG_0378.png
2.1262848751835537,1.0,1.3056807935076646
IMG_0860.png
2.1423948220064726,1.0,1.3510204081632653
IMG_0617.png
1.2930327868852458,1.0,2.8989280245022973
IMG_0543.png
1.274698795180723,1.0,3.1488095238095237
IMG_0818.png
2.2515337423312882,1.0,1.2440677966101694
IMG_0772.png
2.2292929292929293,1.0,1.2683908045977013
IMG_0381.png
2.149284253578732,1.0,1.3561290322580646
IMG_0809.png
2.2845303867403315,1.0,1.3106180665610143
IMG_0499.png
2.2072434607645874,1.0,1.2966903073286051
IMG_0468.png
1.9200779727095516,1.0,1.5153846153846153
IMG_0500.png
2.1847826086956523,1.0,1.3211267605633803
IMG_0611.png
1.7826086956521738,1.0,1.7634408602150538
IMG_0854.png
1.2448979591836735,1.0,3.8125
IMG_0542.png
1.2709030100334449,1.0,3.1147540983606556
IMG_0451.png
2.2759856630824373,1.0,1.252465483234714
IMG_0638.png
1.9496402877697843,1.0,1.622754491017964
IMG_0546.png
2.1792452830188678,1.0,1.54
IMG_0497.png
2.196335078534031,1.0,1.3068535825545171
IMG_0575.png
1.7420382165605095,1.0,2.0036630036630036
IMG_0502.png
2.187667560321716,1.0,1.3225283630470017
IMG_0688.png
1.959016393442623,1.0,1.707142857142857
IMG_0473.png
1.9775051124744376,1.0,1.4763358778625955
IMG_0788.png
2.22972972972973,1.0,1.259141494435612
IMG_0596.png
1.2791666666666666,1.0,3.116751269035533
IMG_0901.png
1.3076923076923077,1.0,2.9423076923076925
IMG_0559.png
1.7906066536203522,1.0,1.7461832061068703
IMG_0763.png
2.2084592145015107,1.0,1.289241622574956
IMG_0463.png
1.455223880597015,1.0,2.5657894736842106
IMG_0567.png
1.231270358306189,1.0,3.2586206896551726
IMG_0830.png
2.2816901408450705,1.0,1.3135135135135134
IMG_0426.png
2.1023166023166024,1.0,1.371536523929471
IMG_0585.png
2.257936507936508,1.0,1.5013192612137203
IMG_0472.png
1.9376,1.0,1.4932182490752157
IMG_0684.png
2.1607142857142856,1.0,1.3296703296703296
IMG_0674.png
2.1695652173913045,1.0,1.3154657293497365
IMG_0609.png
2.068441064638783,1.0,1.6238805970149253
IMG_0505.png
2.0838709677419356,1.0,1.3982683982683983
IMG_0527.png
2.243137254901961,1.0,1.2985244040862656
IMG_0630.png
1.3017241379310345,1.0,3.3555555555555556
IMG_0618.png
1.279749478079332,1.0,3.2094240837696337
IMG_0605.png
2.2464183381088825,1.0,1.4709193245778611
IMG_0530.png
2.2530364372469633,1.0,1.2734553775743707
IMG_0435.png
1.918429003021148,1.0,1.5756823821339951
IMG_0886.png
1.2616487455197132,1.0,3.1150442477876106
IMG_0520.png
1.9942857142857142,1.0,1.4602510460251046
IMG_0823.png
2.281995661605206,1.0,1.2720677146311972
IMG_0666.png
1.71900826446281,1.0,1.9259259259259258
IMG_0795.png
2.2,1.0,1.2818897637795275
IMG_0387.png
2.1572184429327286,1.0,1.3280595625872498
IMG_0414.png
2.0857519788918206,1.0,1.4204851752021563
IMG_0903.png
1.4976525821596245,1.0,2.2464788732394365
IMG_0466.png
2.0360230547550433,1.0,1.544262295081967
IMG_0515.png
2.25,1.0,1.3410596026490067
IMG_0410.png
1.7475083056478404,1.0,1.64375
IMG_0750.png
2.2275132275132274,1.0,1.2731854838709677
IMG_0462.png
1.4764150943396226,1.0,2.3984674329501914
IMG_0754.png
2.22488038277512,1.0,1.2792297111416782
IMG_0835.png
2.299287410926366,1.0,1.2426187419768935
IMG_0875.png
2.2620087336244543,1.0,1.4736842105263157
IMG_0471.png
1.8910812943962114,1.0,1.5438144329896908
IMG_0397.png
2.116279069767442,1.0,1.4551045510455105
IMG_0568.png
1.6941176470588235,1.0,2.028169014084507
IMG_0493.png
2.226950354609929,1.0,1.3248945147679325
IMG_0686.png
2.0866336633663365,1.0,1.5611111111111111
IMG_0849.png
1.5384615384615385,1.0,2.857142857142857
IMG_0594.png
1.2614107883817427,1.0,3.1666666666666665
IMG_0503.png
1.992816091954023,1.0,1.446298227320125
IMG_0603.png
1.3985239852398523,1.0,2.726618705035971
IMG_0366.png
1.96760710553814,1.0,1.4728197105983574
IMG_0759.png
2.111464968152866,1.0,1.3448275862068966
IMG_0676.png
2.1735537190082646,1.0,1.321608040201005
IMG_0404.png
2.1126373626373627,1.0,1.3707664884135473
IMG_0680.png
2.161527165932452,1.0,1.3357531760435573
IMG_0506.png
2.2255434782608696,1.0,1.3041401273885351
IMG_0683.png
2.144278606965174,1.0,1.3140243902439024
IMG_0884.png
2.0547945205479454,1.0,1.5789473684210527
IMG_0837.png
1.517385257301808,1.0,3.356923076923077
IMG_0469.png
2.1743772241992882,1.0,1.3761261261261262
IMG_0362.png
1.9130434782608696,1.0,1.7718120805369129
IMG_0817.png
2.274626865671642,1.0,1.2450980392156863
IMG_0800.png
2.171171171171171,1.0,1.2819148936170213
IMG_0510.png
2.2405541561712847,1.0,1.2725321888412018
IMG_0612.png
1.4811715481171548,1.0,2.754863813229572
IMG_0592.png
1.283062645011601,1.0,2.9891891891891893
IMG_0372.png
2.1666666666666665,1.0,1.35030549898167
IMG_0761.png
2.201923076923077,1.0,1.2829131652661065
IMG_0671.png
2.083809523809524,1.0,1.543018335684062
IMG_0619.png
1.2450980392156863,1.0,3.2844827586206895
IMG_0616.png
1.3833333333333333,1.0,2.5538461538461537
IMG_0873.png
2.3777777777777778,1.0,1.4078947368421053
IMG_0890.png
1.321148825065274,1.0,2.735135135135135
IMG_0814.png
2.269230769230769,1.0,1.2553191489361701
IMG_0760.png
2.2073863636363638,1.0,1.2727272727272727
IMG_0847.png
1.0608695652173914,1.0,4.280701754385965
IMG_0479.png
2.116182572614108,1.0,1.3691275167785235
IMG_0354.png
2.073217726396917,1.0,1.3901808785529717
IMG_0869.png
2.3181818181818183,1.0,1.438177874186551
IMG_0775.png
2.1989389920424403,1.0,1.3014128728414442
IMG_0533.png
1.9027397260273973,1.0,1.5450500556173525
IMG_0833.png
2.296969696969697,1.0,1.2467105263157894
IMG_0421.png
2.1205357142857144,1.0,1.3768115942028984
IMG_0584.png
2.2819148936170213,1.0,1.4895833333333333
IMG_0443.png
2.296728971962617,1.0,1.2364779874213836
IMG_0681.png
2.07773851590106,1.0,1.6198347107438016
IMG_0578.png
1.253968253968254,1.0,3.4347826086956523
IMG_0465.png
1.9047619047619047,1.0,1.6216216216216217
IMG_0891.png
2.2296819787985864,1.0,1.5204819277108435
IMG_0517.png
2.2053742802303264,1.0,1.3237327188940091
IMG_0487.png
2.1953488372093024,1.0,1.3409090909090908
IMG_0797.png
2.1613588110403397,1.0,1.3237971391417425
IMG_0442.png
2.1818181818181817,1.0,1.3211009174311927
IMG_0377.png
2.1486761710794298,1.0,1.3525641025641026
IMG_0549.png
1.2833333333333334,1.0,3.1216216216216215
IMG_0583.png
2.225806451612903,1.0,1.491891891891892
IMG_0888.png
1.4029850746268657,1.0,2.5871559633027523
IMG_0625.png
1.340637450199203,1.0,2.9134199134199132
IMG_0456.png
2.511627906976744,1.0,1.1172413793103448
IMG_0779.png
2.1645746164574615,1.0,1.414767547857794
IMG_0893.png
1.2820512820512822,1.0,3.409090909090909
IMG_0560.png
1.2430602572782667,1.0,3.1492281303602057
IMG_0529.png
2.336448598130841,1.0,1.2285012285012284
IMG_0417.png
2.2051569506726456,1.0,1.3697771587743732
IMG_0855.png
1.805774278215223,1.0,1.728643216080402
IMG_0382.png
2.1220338983050846,1.0,1.3484114162627894
IMG_0841.png
2.311111111111111,1.0,1.244019138755981
IMG_0375.png
2.142682926829268,1.0,1.3376475066615912
IMG_0874.png
2.21,1.0,1.5136986301369864
IMG_0413.png
1.9823232323232323,1.0,1.503831417624521
IMG_0598.png
2.2293423271500843,1.0,1.4977341389728096
IMG_0581.png
1.313953488372093,1.0,2.8391959798994977
IMG_0551.png
1.5842105263157895,1.0,2.006666666666667
IMG_0425.png
2.136904761904762,1.0,1.344569288389513
IMG_0367.png
1.9799599198396793,1.0,1.4637037037037037
IMG_0776.png
2.15962441314554,1.0,1.3031161473087818
IMG_0602.png
1.3025210084033614,1.0,3.3333333333333335
IMG_0825.png
2.291970802919708,1.0,1.246031746031746
IMG_0437.png
2.103559870550162,1.0,1.3859275053304905
IMG_0679.png
2.152854511970534,1.0,1.3314350797266514
IMG_0528.png
2.259259259259259,1.0,1.2620689655172415
IMG_0682.png
2.0262008733624453,1.0,1.4343122102009274
IMG_0452.png
2.34468085106383,1.0,1.2136563876651982
IMG_0637.png
1.7906976744186047,1.0,1.9743589743589745
IMG_0661.png
2.004694835680751,1.0,1.6174242424242424
IMG_0829.png
2.2861952861952863,1.0,1.2447296058661779
IMG_0614.png
1.3687943262411348,1.0,2.643835616438356
IMG_0887.png
1.377431906614786,1.0,2.8780487804878048
IMG_0608.png
1.232,1.0,3.347826086956522
IMG_0439.png
2.18796992481203,1.0,1.2763157894736843
IMG_0389.png
2.188536953242836,1.0,1.2716914986853638
IMG_0791.png
2.2527472527472527,1.0,1.268041237113402
IMG_0866.png
1.6859205776173285,1.0,1.9621848739495797
IMG_0445.png
2.270049099836334,1.0,1.2632058287795993
IMG_0416.png
2.004149377593361,1.0,1.5188679245283019
IMG_0386.png
1.9376606683804627,1.0,1.4881539980256664
IMG_0513.png
2.2513863216266174,1.0,1.2807570977917981
IMG_0587.png
1.2453703703703705,1.0,3.2804878048780486
IMG_0561.png
1.2385057471264367,1.0,3.1231884057971016
IMG_0675.png
2.148723640399556,1.0,1.3242134062927498
IMG_0371.png
2.1526717557251906,1.0,1.3333333333333333
IMG_0449.png
2.330357142857143,1.0,1.2224824355971897
IMG_0677.png
2.1661631419939575,1.0,1.3119853613906678
IMG_0746.png
2.232091690544413,1.0,1.2983333333333333
IMG_0408.png
2.1236917221693625,1.0,1.353547604608854
IMG_0857.png
1.896969696969697,1.0,1.5728643216080402
IMG_0900.png
1.2677029360967185,1.0,3.045643153526971
IMG_0496.png
2.199300699300699,1.0,1.3411513859275053
IMG_0843.png
2.2977099236641223,1.0,1.2260692464358451
IMG_0538.png
1.5794392523364487,1.0,2.185344827586207
IMG_0448.png
2.178861788617886,1.0,1.384297520661157
IMG_0844.png
2.21900826446281,1.0,1.3325062034739454
IMG_0762.png
2.1789473684210527,1.0,1.3101265822784811
IMG_0440.png
1.9194029850746268,1.0,1.5129411764705882
IMG_0810.png
2.25,1.0,1.275
IMG_0785.png
2.2425531914893617,1.0,1.2729468599033817
IMG_0765.png
2.2121896162528216,1.0,1.2810457516339868
IMG_0480.png
1.9482758620689655,1.0,1.502659574468085
IMG_0388.png
2.2289156626506026,1.0,1.2733529990167158
IMG_0400.png
1.9688346883468835,1.0,1.4721377912867275
IMG_0628.png
1.9724770642201834,1.0,1.6796875
IMG_0607.png
1.3265306122448979,1.0,2.9545454545454546
IMG_0846.png
2.2606060606060607,1.0,1.2516778523489933
IMG_0632.png
1.2,1.0,3.257142857142857
IMG_0550.png
1.270096463022508,1.0,3.16
IMG_0399.png
1.9936708860759493,1.0,1.4538461538461538
IMG_0534.png
1.828695652173913,1.0,1.5968109339407746
IMG_0474.png
2.0216535433070866,1.0,1.4567375886524823
IMG_0792.png
2.215686274509804,1.0,1.2840909090909092
IMG_0355.png
2.1855855855855855,1.0,1.3344334433443343
IMG_0756.png
2.2118959107806693,1.0,1.2906724511930585
IMG_0885.png
1.265524625267666,1.0,3.078125
IMG_0409.png
2.1121045392022006,1.0,1.3492970123022847
IMG_0509.png
2.2451790633608817,1.0,1.2854889589905363
IMG_0470.png
1.9375,1.0,1.5063578564940963
IMG_0880.png
2.1358024691358026,1.0,1.5309734513274336
IMG_0673.png
2.1636363636363636,1.0,1.3413848631239935
IMG_0878.png
2.009132420091324,1.0,1.6
IMG_0455.png
2.2263313609467454,1.0,1.2929553264604812
IMG_0396.png
2.150326797385621,1.0,1.481981981981982
IMG_0384.png
2.191011235955056,1.0,1.3557358053302433
IMG_0622.png
1.257936507936508,1.0,3.223728813559322
IMG_0572.png
1.8278688524590163,1.0,1.8818565400843883
IMG_0361.png
1.8757396449704142,1.0,1.7909604519774012
IMG_0801.png
2.241025641025641,1.0,1.2703488372093024
IMG_0902.png
1.3407407407407408,1.0,2.701492537313433
IMG_0562.png
1.3571428571428572,1.0,2.6666666666666665
IMG_0512.png
2.249249249249249,1.0,1.2630691399662732
IMG_0545.png
1.287292817679558,1.0,3.236111111111111
IMG_0482.png
2.4246575342465753,1.0,1.2733812949640289
IMG_0438.png
1.9834070796460177,1.0,1.4991638795986622
IMG_0412.png
2.08974358974359,1.0,1.389768574908648
IMG_0853.png
1.1020408163265305,1.0,4.05
IMG_0461.png
1.6010928961748634,1.0,2.0489510489510487
IMG_0803.png
2.2532751091703056,1.0,1.350785340314136
IMG_0563.png
2.1545454545454548,1.0,1.48125
IMG_0485.png
2.2142857142857144,1.0,1.480891719745223
IMG_0892.png
1.293598233995585,1.0,3.292134831460674
IMG_0504.png
1.903765690376569,1.0,1.5133037694013303
IMG_0621.png
1.2727272727272727,1.0,3.269035532994924
IMG_0633.png
1.4553571428571428,1.0,2.3970588235294117
IMG_0623.png
1.2819383259911894,1.0,3.3068181818181817
IMG_0434.png
2.048625792811839,1.0,1.4637462235649548
IMG_0484.png
2.4614624505928853,1.0,1.1447610294117647
IMG_0481.png
1.9782608695652173,1.0,1.4772727272727273
IMG_0422.png
2.123152709359606,1.0,1.3617693522906793
IMG_0899.png
1.25440313111546,1.0,3.205
IMG_0514.png
2.2747252747252746,1.0,1.2621951219512195
IMG_0385.png
1.9738717339667458,1.0,1.4725339633786179
IMG_0867.png
2.1649122807017545,1.0,1.3297413793103448
IMG_0368.png
2.02007299270073,1.0,1.4395318595578674
IMG_0816.png
2.2737752161383287,1.0,1.2464454976303319
IMG_0624.png
1.5668449197860963,1.0,2.344
IMG_0491.png
2.1358024691358026,1.0,1.3867735470941884
IMG_0574.png
1.6783042394014962,1.0,2.1365079365079365
IMG_0865.png
1.987915407854985,1.0,1.6491228070175439
IMG_0813.png
2.25,1.0,1.2562141491395793
IMG_0777.png
1.9090909090909092,1.0,1.5
IMG_0364.png
2.0452830188679245,1.0,1.4376657824933687
IMG_0570.png
1.7533333333333334,1.0,1.9924242424242424
IMG_0467.png
2.08955223880597,1.0,1.435897435897436
IMG_0882.png
2.0819209039548023,1.0,1.5815450643776825
IMG_0523.png
2.2159329140461215,1.0,1.2898108602806588
IMG_0495.png
2.179144385026738,1.0,1.337527352297593
IMG_0753.png
2.1667930250189538,1.0,1.2674057649667405
IMG_0604.png
1.3954372623574145,1.0,2.7388059701492535
IMG_0828.png
2.296875,1.0,1.2585616438356164
IMG_0519.png
2.217283950617284,1.0,1.3014492753623188
IMG_0540.png
1.445141065830721,1.0,2.4263157894736844
IMG_0743.png
2.2132471728594507,1.0,1.3010446343779678
IMG_0407.png
2.074235807860262,1.0,1.3888888888888888
IMG_0610.png
1.3791044776119403,1.0,2.610169491525424
IMG_0601.png
1.2863247863247864,1.0,3.2717391304347827
IMG_0778.png
2.2175141242937855,1.0,1.278501628664495
IMG_0420.png
2.1336206896551726,1.0,1.361760660247593
IMG_0508.png
2.1732851985559565,1.0,1.334811529933481
IMG_0774.png
2.1666666666666665,1.0,1.2959501557632398
IMG_0838.png
1.315203955500618,1.0,3.253822629969419
IMG_0405.png
2.127208480565371,1.0,1.3744292237442923
IMG_0787.png
2.2440725244072524,1.0,1.2609717868338557
IMG_0516.png
2.2267080745341614,1.0,1.312385600976205
IMG_0822.png
2.264705882352941,1.0,1.2444444444444445
IMG_0395.png
1.9734939759036145,1.0,1.473021582733813
IMG_0393.png
1.9686924493554327,1.0,1.4909344490934449
IMG_0430.png
1.8761904761904762,1.0,1.4980988593155893
IMG_0629.png
1.3891752577319587,1.0,2.5913461538461537
IMG_0526.png
2.1535087719298245,1.0,1.3452054794520547
IMG_0784.png
2.2069317023445465,1.0,1.2712859659424545
IMG_0794.png
2.1976401179941,1.0,1.3024475524475525
IMG_0518.png
2.224086870681145,1.0,1.28229937393284
IMG_0525.png
2.2683658170914542,1.0,1.2504132231404959
IMG_0766.png
2.225,1.0,1.2797385620915032
IMG_0811.png
2.2573529411764706,1.0,1.2633744855967077
IMG_0450.png
2.254593175853018,1.0,1.266961651917404
IMG_0670.png
1.7194244604316546,1.0,2.014044943820225
