407.png
2.2876041660653383,1.0,1.46317768171267
732.png
2.1893583048302943,1.0,1.5390538936921458
124.png
2.191011235955056,1.0,1.5354330708661417
569.png
2.2730496776241136,1.0,1.4551645913195845
715.png
2.3350731125791384,1.0,1.4330557354754854
32.png
2.2749510646672615,1.0,1.4522173406351513
509.png
2.367424241082415,1.0,1.39821028006266
369.png
2.5327004415733994,1.0,1.3265193204975703
871.png
2.325608411807622,1.0,1.414376341162597
1020.png
2.2472727161413113,1.0,1.4632991475394153
928.png
2.2942779744974353,1.0,1.4210970517760828
1313.png
2.173191009709632,1.0,1.5279399241154814
753.png
2.3395609406081244,1.0,1.4406097251201284
785.png
2.582857222612247,1.0,1.2914285752568164
712.png
2.254295540878906,1.0,1.4664679565060266
1001.png
2.3248407248519216,1.0,1.4230019342310456
82.png
2.1367827872763483,1.0,1.5781308964450504
788.png
2.2560975059885,1.0,1.46437994082191
281.png
2.427392701858097,1.0,1.350780532385142
1148.png
2.3795620820272796,1.0,1.3555093497928348
472.png
2.353051612285477,1.0,1.433228471594342
912.png
2.3453509956138183,1.0,1.4239631298691307
1219.png
2.267532481217676,1.0,1.4477612046243908
1333.png
2.2669071290106113,1.0,1.4599303318664587
894.png
2.4318707098891137,1.0,1.3965517487240466
946.png
2.4046762895237057,1.0,1.3580497675684384
947.png
2.3384030730749332,1.0,1.3977272587711778
48.png
2.291845535769678,1.0,1.4316353914439117
808.png
2.298097255075605,1.0,1.4758995342205317
119.png
2.244514120343157,1.0,1.4702258672993518
613.png
2.295064347042472,1.0,1.4620642424714991
1037.png
2.328015513059868,1.0,1.3975706356403443
1240.png
2.26435645017114,1.0,1.479301437656775
681.png
2.2698993148183533,1.0,1.4483362415948506
376.png
2.1761827422953472,1.0,1.464324928313924
1124.png
2.2103746670810325,1.0,1.4922178750470108
1176.png
2.1631799614864944,1.0,1.532987396294419
465.png
2.0292826161377873,1.0,1.573212252297526
1091.png
2.334073271356527,1.0,1.4029353252034205
517.png
2.331666693504667,1.0,1.4231943117636443
466.png
2.4089068946901278,1.0,1.3134657844848423
393.png
2.3961352743914675,1.0,1.3739612257763523
661.png
2.3740794955844717,1.0,1.37425404030708
798.png
2.3344051864670554,1.0,1.4207436422337536
73.png
2.384121910784195,1.0,1.3984007482907141
110.png
2.2326774301255066,1.0,1.4837976033840548
323.png
2.4272445760817223,1.0,1.365853664965157
1018.png
2.169926648134875,1.0,1.5563349475606103
117.png
2.658333403300001,1.0,1.2237851809311164
316.png
2.3435517640419885,1.0,1.3856249803154141
971.png
2.135737368867715,1.0,1.6436706430854031
39.png
2.3392857657785937,1.0,1.4329990780119228
910.png
2.270223750242978,1.0,1.4639289798207689
678.png
2.660098555542115,1.0,1.248554923192422
1223.png
2.2826087307246388,1.0,1.4210526315789473
102.png
2.361563552607455,1.0,1.3809523738911564
221.png
2.6129412633202236,1.0,1.2569326527131666
953.png
2.4365079268449232,1.0,1.3119658174474031
131.png
2.2985317650578065,1.0,1.4520783312487737
807.png
2.2158859910852793,1.0,1.502762423030814
370.png
2.345932984007949,1.0,1.4615029447387018
1132.png
2.2653060929612665,1.0,1.460526298628809
597.png
1.92537314644687,1.0,1.697368464376732
246.png
2.5453515227088386,1.0,1.2683616059924672
1307.png
2.577092456655282,1.0,1.252676636129241
556.png
2.3588207518860345,1.0,1.4656553881039867
908.png
2.24999995190171,1.0,1.442465750341096
1063.png
2.260416682684028,1.0,1.463250145567677
577.png
2.2889273240483683,1.0,1.4614747213372834
564.png
2.4118643580336694,1.0,1.3411875432598133
1355.png
2.314112302243156,1.0,1.4748549246868186
527.png
2.317176482487895,1.0,1.428903090064856
567.png
2.319788038854775,1.0,1.438116114968383
960.png
2.2630029353433923,1.0,1.4697259313221147
776.png
2.385964931162281,1.0,1.3720050446193124
382.png
2.3474426992357436,1.0,1.4342672542757182
537.png
2.2639593758018757,1.0,1.4879065697801686
810.png
2.6363637040495886,1.0,1.2608695473534974
1003.png
2.662337684257283,1.0,1.2338779170762233
411.png
2.2954128611762648,1.0,1.4623027367694956
5.png
2.3028037107286368,1.0,1.4531729046517101
361.png
2.2986301200854196,1.0,1.4391080816232948
692.png
2.4886363618001033,1.0,1.3113772373509271
289.png
2.304195743086705,1.0,1.4111349172365413
761.png
2.5224586871238324,1.0,1.32218091923378
770.png
2.3667664784656584,1.0,1.3570815767839088
181.png
2.2079889715993897,1.0,1.485634853549806
805.png
2.264541842205476,1.0,1.4687338834933055
711.png
2.209445609983261,1.0,1.5262411461140184
352.png
2.399267367394348,1.0,1.3955966016932466
747.png
2.2884614966013315,1.0,1.3797101244383114
915.png
2.267641460228442,1.0,1.4943443440697302
916.png
2.2662266672221447,1.0,1.4620297836982175
1066.png
2.299270112309813,1.0,1.4392950494687742
477.png
2.187989548435125,1.0,1.540441178617674
963.png
2.348505379066747,1.0,1.442520363300788
837.png
2.3870967559636345,1.0,1.3637245581563013
1062.png
2.3434146117240884,1.0,1.4366028851496289
19.png
2.3222222172740743,1.0,1.4282460410500155
122.png
2.2805109817189244,1.0,1.482463100866377
791.png
2.507598760851064,1.0,1.2931034206723602
155.png
2.2680851285598913,1.0,1.4562841756929144
922.png
2.2672849844249234,1.0,1.4661941125392086
992.png
2.1900236952680254,1.0,1.5239669200622907
175.png
2.339857672359646,1.0,1.4216216376681376
263.png
2.360136575275953,1.0,1.4302916426595569
421.png
2.888217427426276,1.0,1.1408114517923968
799.png
2.2976744028118983,1.0,1.4154727864055305
113.png
2.333333316805153,1.0,1.435790701908393
996.png
2.5905511456382917,1.0,1.2702702777313994
1013.png
2.3994800628837982,1.0,1.362026565751969
1119.png
2.3347864023284273,1.0,1.4382384471741227
723.png
2.3404507641782373,1.0,1.375871694572827
952.png
2.300000004862585,1.0,1.4719198896226817
1150.png
2.332307663736332,1.0,1.4050046260045816
1251.png
2.320328533330157,1.0,1.4124999928245312
1311.png
2.4922819783979038,1.0,1.3679871687766332
588.png
2.2852639938628916,1.0,1.4257620594448073
813.png
2.3372720743091833,1.0,1.4562473733557146
96.png
2.3525423701642385,1.0,1.4196376396204673
150.png
2.3025540275049114,1.0,1.431013431013431
135.png
2.1791590333726925,1.0,1.5050505115064792
773.png
2.5078651864626185,1.0,1.2827586048876736
1256.png
2.309063888553084,1.0,1.4296228189298974
600.png
2.721518985058484,1.0,1.1878453115518453
1358.png
2.3258928973869986,1.0,1.4293552882636265
703.png
2.2673521816001747,1.0,1.4341463393691058
324.png
2.8374655960225854,1.0,1.1811926762783016
325.png
2.4143137968194672,1.0,1.3623564271140038
504.png
2.4012027872470294,1.0,1.400300590261033
268.png
2.3309196168341533,1.0,1.4186866466066035
968.png
2.3002915260391505,1.0,1.4039145868320437
139.png
2.3263553612798433,1.0,1.4617200519252096
105.png
2.2473651679175743,1.0,1.485655749505123
768.png
2.5033112847936496,1.0,1.312500003546007
487.png
2.0416666322621535,1.0,1.5654952010670724
364.png
2.304794493169216,1.0,1.4138655563943225
288.png
2.3333333499999998,1.0,1.4000000240000003
418.png
2.2417217861604772,1.0,1.4622030153497008
762.png
2.2960151463051397,1.0,1.4404761780586737
1185.png
2.1980676595024393,1.0,1.4108527006361395
1065.png
2.320892807018336,1.0,1.4142698065134043
14.png
2.25238554079944,1.0,1.4949335023166133
794.png
2.292412616929467,1.0,1.442209694938336
734.png
2.3579881223610624,1.0,1.4235774340483902
1115.png
2.3752913469446484,1.0,1.3696236412619955
1241.png
2.1973243806993215,1.0,1.4965831397439824
467.png
2.295793714204493,1.0,1.4314720644700971
1336.png
2.278846169335244,1.0,1.4219999968930799
804.png
2.5188470014248945,1.0,1.2828910285329296
157.png
2.133704759591717,1.0,1.5049115824628594
63.png
1.7785235184829515,1.0,1.8661972277683005
219.png
2.3667546290836183,1.0,1.3785860651186888
333.png
2.526970937182556,1.0,1.268749993419271
792.png
2.327890294588567,1.0,1.4267413662226343
840.png
2.183390979981322,1.0,1.5241545670343533
890.png
2.2818991764786176,1.0,1.4136029518257327
933.png
2.2952646093891653,1.0,1.4418197520349667
1100.png
2.337876180757372,1.0,1.426541934844003
592.png
2.3325062614050958,1.0,1.3905325387234342
16.png
2.33655081363804,1.0,1.42784113019036
1130.png
2.3255596918381043,1.0,1.4092707996754614
248.png
2.3239436654773713,1.0,1.4051094901495373
297.png
2.3313253,1.0,1.3971119116266342
1178.png
2.5361366547168034,1.0,1.300539092657711
70.png
2.367693449960926,1.0,1.4162193252458393
955.png
2.4858786493457856,1.0,1.364628186080114
170.png
2.2841756521351906,1.0,1.4579587469891335
38.png
2.274850682203008,1.0,1.4705056221363455
750.png
2.29545450186467,1.0,1.414870663687029
1029.png
2.4383056406864547,1.0,1.3414387126915763
1247.png
2.2990463254055733,1.0,1.4654797935448316
891.png
2.2936096432747783,1.0,1.432578177815063
726.png
2.2330882031967136,1.0,1.492383279429908
833.png
2.3258786040695014,1.0,1.4253548995849876
1353.png
2.649139525787221,1.0,1.2561196655973612
428.png
2.3163841732429726,1.0,1.4195781921297346
596.png
2.499999944829547,1.0,1.239436620874033
1258.png
2.371100860419347,1.0,1.4138402564646624
148.png
2.455490296462117,1.0,1.3879948757452691
213.png
2.298416585600698,1.0,1.4426605619372668
269.png
2.517676768501301,1.0,1.3083989371042328
510.png
2.533196112161368,1.0,1.2705214280752282
884.png
2.423153676364397,1.0,1.3748584450431645
984.png
2.2853333410972443,1.0,1.4583097127593707
1099.png
2.464435109518216,1.0,1.35402299618153
591.png
2.4417475171545395,1.0,1.3431241711550426
944.png
2.487179520252466,1.0,1.317934777036862
1140.png
2.3540515213276145,1.0,1.4290106284345736
1203.png
2.443708589147406,1.0,1.2947368224819946
1326.png
2.3397129383275717,1.0,1.3984747191943756
793.png
2.3273810089622318,1.0,1.3889875808734924
144.png
2.392857091477592,1.0,1.3711877778535426
13.png
2.3367697881508254,1.0,1.4295725352388537
756.png
2.602076061962862,1.0,1.268128155197484
885.png
2.3005540813431464,1.0,1.4306632127370078
313.png
2.214536921907233,1.0,1.5136218058618793
283.png
2.183706061496366,1.0,1.5155210512072215
562.png
2.321933968619039,1.0,1.4314794477433608
1074.png
2.3059234164415514,1.0,1.428139849489467
1008.png
2.328542085107244,1.0,1.4372623694930773
1196.png
2.3129878775591077,1.0,1.4458739981641038
1160.png
2.3831954199910292,1.0,1.3779904456151857
489.png
2.195219155130871,1.0,1.489189186963331
735.png
2.3089244555740467,1.0,1.425141244441851
204.png
2.446747608218554,1.0,1.342879544616209
741.png
2.4689265335267647,1.0,1.3323170646774614
981.png
2.0645161446375306,1.0,1.548387108478148
203.png
2.3095890412317135,1.0,1.4014962504242097
206.png
2.2794116908639723,1.0,1.4285714198420012
1208.png
2.2779586916182555,1.0,1.4478950724898305
595.png
2.3522884167805946,1.0,1.3822330913275798
374.png
2.1898927400542685,1.0,1.5261472696395886
729.png
2.4459677916994678,1.0,1.3680649323173806
964.png
2.177829066295783,1.0,1.5039872638588354
1175.png
2.319128810544535,1.0,1.4172453452041676
235.png
2.3722358717980794,1.0,1.3802715922465199
345.png
2.3790447089285167,1.0,1.3748886792528598
670.png
2.3018868341206837,1.0,1.4336075488294966
234.png
2.3535109376344767,1.0,1.4311656442836538
484.png
2.210338662848237,1.0,1.510353195211953
907.png
2.281106037877212,1.0,1.438953469632234
274.png
2.9151873736475147,1.0,1.126524385034113
1146.png
2.2934537449821404,1.0,1.4703328470682602
1345.png
2.2742920653213545,1.0,1.4927113606224343
1207.png
2.327952986568299,1.0,1.4292792869559288
896.png
2.3442977138425576,1.0,1.4465215789195707
903.png
2.2975778156002686,1.0,1.4067796548764724
848.png
2.5994474326980272,1.0,1.230065351773694
355.png
2.3271604410684357,1.0,1.4172932401365257
338.png
2.2634989002954304,1.0,1.524979819360082
1269.png
2.3128272251953073,1.0,1.4377542856810694
1030.png
2.308713963461551,1.0,1.4832466258276977
194.png
2.2090729897317636,1.0,1.5094339357585316
446.png
2.666666608550726,1.0,1.243243238117239
1337.png
2.3355630246732515,1.0,1.43788609656034
1022.png
2.3356963979641883,1.0,1.4454193585790813
441.png
2.0436548010943443,1.0,1.6432653284387442
1053.png
2.2458100273836648,1.0,1.5227272349001382
825.png
2.5110192899682966,1.0,1.3002853315290621
211.png
2.3230441402405373,1.0,1.4458429764108303
1009.png
2.3396635924557763,1.0,1.4282875047112091
1167.png
2.214983736167705,1.0,1.4912280474134352
1234.png
2.3171521546664793,1.0,1.4052993045989401
264.png
2.3138075664173425,1.0,1.4354315427215698
774.png
2.3895487048731954,1.0,1.3895027871345123
158.png
2.7568058711150503,1.0,1.168461528650651
272.png
2.3102006974827463,1.0,1.4293843948138694
997.png
2.262711873842825,1.0,1.433557031253187
781.png
2.2552301387701545,1.0,1.4626865434814398
958.png
2.2422257988637138,1.0,1.4589989394087246
1225.png
2.3161397588018864,1.0,1.4089068718415318
1206.png
2.3473053907311128,1.0,1.385159009023711
308.png
2.7246963925759586,1.0,1.2310975797397385
1149.png
2.3517520642058423,1.0,1.401043739445311
27.png
2.2183908446228044,1.0,1.429629647846365
128.png
2.2279679262535987,1.0,1.5218905571496746
286.png
2.3220339410584248,1.0,1.4298760814498985
771.png
2.1962024814531933,1.0,1.5236004378418548
637.png
2.3186179910947504,1.0,1.4278959671999787
849.png
2.334767622779505,1.0,1.4248949301021763
929.png
2.3683855551701547,1.0,1.4241994194417926
617.png
2.3183673690928783,1.0,1.3955773831305955
1000.png
2.6455695396843475,1.0,1.2666666593454545
1078.png
2.518123658447316,1.0,1.310765788955631
250.png
2.5141158562244645,1.0,1.3075734173821274
684.png
2.2724999863270003,1.0,1.449760738809704
1084.png
2.6836158860614776,1.0,1.2179487278823145
1349.png
2.3424308138948224,1.0,1.469299253080374
718.png
2.302325613675862,1.0,1.3911007119057859
416.png
2.327887972367244,1.0,1.4301075465232977
121.png
2.337360552072621,1.0,1.4225112855749846
236.png
2.328663950092097,1.0,1.461679793091291
261.png
2.33496732572635,1.0,1.4092702198446114
363.png
2.0455531334726453,1.0,1.5795645207209417
878.png
2.4400958682410376,1.0,1.3711849151552866
1230.png
2.3745318096565393,1.0,1.3835242883069352
439.png
2.4070796121258167,1.0,1.3612375101971685
852.png
2.3088685052932316,1.0,1.4299242467555524
918.png
2.31016591539671,1.0,1.405934324155878
1069.png
2.30918733197805,1.0,1.4284153266873303
697.png
2.5682539183706736,1.0,1.2943999875079426
1195.png
2.3403385610192244,1.0,1.4462481937610099
1235.png
2.127084713798187,1.0,1.6431332416218047
1253.png
2.251753896368301,1.0,1.49391335635868
1346.png
2.863295986636931,1.0,1.1530920177906654
744.png
2.314444467683334,1.0,1.4199045801086758
499.png
2.31811484939192,1.0,1.436131376991765
913.png
2.8572012865351883,1.0,1.1859714652001998
1341.png
2.290534194005739,1.0,1.4513064376292737
162.png
2.2542087369594936,1.0,1.4698133752226539
327.png
2.2931034330863556,1.0,1.4320322867120674
624.png
2.34292965999818,1.0,1.4233538997675026
76.png
2.2712550828623645,1.0,1.4496124232077399
950.png
2.308154539721712,1.0,1.4257688198879617
1090.png
2.278700354822093,1.0,1.4570636816326483
1163.png
2.2828685826174198,1.0,1.4183168296517499
6.png
2.2057075035873295,1.0,1.502024289951581
240.png
2.1869918493059686,1.0,1.5371428410354289
1288.png
2.234556883364092,1.0,1.4910394036567278
636.png
2.3286979007068145,1.0,1.4191063195579545
1143.png
2.2925278282719184,1.0,1.4109588862827387
198.png
2.332904925959385,1.0,1.44621515471183
570.png
2.35016835455528,1.0,1.4148648355520912
51.png
2.611222458367316,1.0,1.250479843122557
925.png
2.345444082964457,1.0,1.3951972895781157
1305.png
2.0269541409019123,1.0,1.712984034083053
664.png
2.411458338554416,1.0,1.293296065120393
978.png
2.333847783540481,1.0,1.4647296130944696
1220.png
2.4721311415724805,1.0,1.3135888272758565
859.png
2.3350903402821186,1.0,1.4244373270381825
967.png
2.2984723774846763,1.0,1.4361233442420125
409.png
2.2802242040414207,1.0,1.4665293556038719
959.png
2.3207663736689836,1.0,1.4370455345638231
994.png
2.305886586758958,1.0,1.4888655602054106
252.png
2.351063801403803,1.0,1.3969658607739728
488.png
2.3268608799602024,1.0,1.3880309036450709
503.png
2.2427830657215737,1.0,1.5037220752306093
220.png
2.4350132538672615,1.0,1.360000022180741
275.png
2.3877551195860063,1.0,1.4303178516697055
1064.png
2.3240506570798276,1.0,1.4101382221546437
200.png
2.2572421972512284,1.0,1.4892966461010577
603.png
2.6796875378496443,1.0,1.2421107154474962
1166.png
2.3568281688184647,1.0,1.4128520981182584
7.png
2.338028168305892,1.0,1.3833333358125002
17.png
2.3161511626452223,1.0,1.4219409432572239
46.png
2.339513256241924,1.0,1.4258474496529974
193.png
2.2940125104718643,1.0,1.4397083694840471
911.png
2.765957453259394,1.0,1.2037036963734569
1291.png
2.323463702180394,1.0,1.4405957735027426
340.png
2.305403306337473,1.0,1.4367984309149127
511.png
2.704626255584024,1.0,1.2063491899297054
1142.png
2.2799999961013335,1.0,1.4309623709945558
1067.png
2.188291141420821,1.0,1.3997975649742969
398.png
2.287425211076411,1.0,1.4148148242518517
445.png
2.3269598637272098,1.0,1.4250585502856923
1347.png
2.2265306442484385,1.0,1.4595317606151252
1106.png
2.234604080880454,1.0,1.4941176578493658
422.png
2.4409799385399875,1.0,1.3581164868965325
454.png
2.3289473101222105,1.0,1.4120131227287471
619.png
2.3385650211872346,1.0,1.403768535288281
74.png
2.508422720257938,1.0,1.3107495462983632
1237.png
2.3948004791092274,1.0,1.3463630190073599
91.png
2.634085288024041,1.0,1.2489601859298307
92.png
2.3125748626859766,1.0,1.4551620178730544
390.png
2.3569261969972226,1.0,1.419610235197896
305.png
2.363636396161617,1.0,1.352601160296034
496.png
2.3309608486223157,1.0,1.432215710420085
659.png
2.6548672929647332,1.0,1.248266297073913
1086.png
2.3507625005272197,1.0,1.422544490486132
1027.png
2.3137255598352295,1.0,1.4290657620773222
1308.png
2.2840236890185217,1.0,1.4577039389501625
191.png
2.2572973661631686,1.0,1.466292151461108
1334.png
2.1720930473836675,1.0,1.5311475522302609
1011.png
2.413075782564773,1.0,1.3454846750513196
26.png
2.536702786330245,1.0,1.3085040404763035
255.png
2.3287937390158575,1.0,1.4176865301511372
388.png
2.3989501210655755,1.0,1.3580980744771918
730.png
2.305637980740343,1.0,1.4415584312030456
447.png
2.335960124498846,1.0,1.4287163700201824
1221.png
2.4746070086172507,1.0,1.324595447006056
341.png
2.8842363689688555,1.0,1.139105048702857
550.png
2.2649154169043433,1.0,1.4727851859199106
599.png
2.278551554348198,1.0,1.4452296738175654
691.png
2.28487611771798,1.0,1.4640768757256413
1025.png
2.631578962742382,1.0,1.1904761841836735
442.png
2.4615385403772208,1.0,1.2736318528766617
809.png
2.341743104388572,1.0,1.4210160266376883
232.png
2.2781863260258386,1.0,1.445567651800627
270.png
2.2514384850907296,1.0,1.519611662519325
893.png
2.3212121497906337,1.0,1.4132841437701014
42.png
2.3173913658219294,1.0,1.2968369869298666
332.png
2.2920000765421618,1.0,1.430711621814165
1343.png
2.3322324872668654,1.0,1.4197828966842785
1133.png
2.306433981080119,1.0,1.4526098644513044
1198.png
2.335825960303701,1.0,1.4058919949805062
1042.png
2.3017857453082913,1.0,1.4211686624876958
1164.png
2.616740104976324,1.0,1.2465897261417251
134.png
2.303074659101608,1.0,1.418394971445896
12.png
2.307692292757218,1.0,1.492481184124974
869.png
2.298360633823596,1.0,1.4543568501237927
453.png
2.3450855142999174,1.0,1.4290364574431738
1138.png
2.571146204790889,1.0,1.2402287773063818
1043.png
2.33962266979065,1.0,1.4121969334891256
1262.png
2.3270833927208345,1.0,1.434810543424079
1109.png
2.3089701027987553,1.0,1.3983903117098573
572.png
2.314709253580505,1.0,1.4305849239843442
1151.png
2.2289562956157174,1.0,1.489872470794349
1120.png
2.335734819212352,1.0,1.4194395646020515
1193.png
2.7251396717754126,1.0,1.2293346779867875
1286.png
2.299184058816555,1.0,1.4441913361952643
389.png
2.07192985500711,1.0,1.5417754806410333
1104.png
2.26170801642488,1.0,1.458259328902511
231.png
2.2302036211200207,1.0,1.5679179338077571
244.png
2.284403714628399,1.0,1.418803427897095
259.png
2.2774958389855176,1.0,1.4426580924725068
300.png
2.3418013241161892,1.0,1.3795918223152577
403.png
2.3958332861768357,1.0,1.3702127464267273
430.png
2.3423799370829106,1.0,1.418457657759657
754.png
2.2961315729394878,1.0,1.459994328413934
1244.png
2.2901234622050755,1.0,1.4463937656032055
208.png
2.2966942370776176,1.0,1.471148774981539
1259.png
2.322978308119838,1.0,1.4245539486444965
50.png
2.3576423230354866,1.0,1.4303030479726724
414.png
2.285067812555027,1.0,1.4469914107191237
301.png
2.42160001798464,1.0,1.3866238939506526
626.png
2.2813724957001162,1.0,1.4489414627874415
1297.png
2.230769223465765,1.0,1.4710145213358543
1093.png
2.2974051471954304,1.0,1.4157441765359648
1071.png
2.321100946065146,1.0,1.421348317504103
436.png
2.448979604751354,1.0,1.3422818737630435
81.png
2.2514734703591737,1.0,1.4701731899242618
1081.png
2.3223594223318487,1.0,1.4335309339366606
883.png
2.3121577161203213,1.0,1.4244264298363358
123.png
2.220260266910845,1.0,1.5235969541490813
1214.png
2.280929004284331,1.0,1.4755850947582805
1361.png
2.3008474769520255,1.0,1.4352423052220227
84.png
2.292266139308679,1.0,1.448295442032493
156.png
2.3007518782169707,1.0,1.4133949016875658
1041.png
2.274764097440427,1.0,1.4658054882589835
320.png
2.8704258582164894,1.0,1.169926653454714
873.png
2.3487603783772157,1.0,1.390410950324639
901.png
2.3308226646523154,1.0,1.4434876215595165
850.png
2.3130193249733364,1.0,1.4176570259796901
311.png
2.3978979628032326,1.0,1.3959790193129247
317.png
2.1156249892433108,1.0,1.5617070686401429
999.png
2.249034691019925,1.0,1.485969393655134
545.png
2.3543423842079965,1.0,1.422915408762716
783.png
2.164490844397467,1.0,1.4620811325659975
1044.png
2.7942176154380998,1.0,1.168563282829648
83.png
2.2321716741310222,1.0,1.5490070385380559
683.png
2.165966447618637,1.0,1.5503759470695686
66.png
2.3612662786823915,1.0,1.3907321205518899
1320.png
2.3288973482872564,1.0,1.4352665782835352
35.png
2.412661245569228,1.0,1.3273137661142733
936.png
2.311614758201254,1.0,1.414211453735962
424.png
2.282828307000816,1.0,1.4258675370439555
192.png
2.2878521102583305,1.0,1.4947090062018145
483.png
2.163001271759262,1.0,1.55824791664235
142.png
2.310344856399865,1.0,1.4395334424400172
828.png
2.1978297085934195,1.0,1.5433763263322198
1152.png
2.28849025395106,1.0,1.448438978765038
344.png
2.333333283600001,1.0,1.422764238736863
633.png
2.3197616547785165,1.0,1.4149000328859886
972.png
2.354123355743103,1.0,1.3631621079888259
1089.png
2.313537380072395,1.0,1.4277259362621568
292.png
2.3456790641548553,1.0,1.4214464032161493
609.png
2.5301587111324766,1.0,1.285483853891051
515.png
2.5432099026352692,1.0,1.2599388289887683
622.png
2.256621022052618,1.0,1.4518214156645188
1155.png
2.2934560696356874,1.0,1.4405908934571658
1338.png
2.743409439578424,1.0,1.1870722223679107
553.png
2.698630108017537,1.0,1.2404121237753756
757.png
2.207575725018825,1.0,1.5082815731355421
1127.png
2.2807452949429434,1.0,1.4612017749894584
160.png
2.2774347115725955,1.0,1.4540491603685157
9.png
2.357565034068052,1.0,1.407551152419911
1268.png
2.333988240000811,1.0,1.4278846079315943
1299.png
2.3246753,1.0,1.387596864058651
1136.png
2.637168177417966,1.0,1.2288659651571052
1285.png
2.2484848928628103,1.0,1.46254926998534
154.png
2.319587666569881,1.0,1.4294790122094103
254.png
2.164810637285406,1.0,1.569007239278943
205.png
2.3070803173098056,1.0,1.4292754992847378
1359.png
2.322033939408217,1.0,1.4270833409375
20.png
2.334596941878021,1.0,1.4402868649354452
738.png
2.317995900561787,1.0,1.4231010827067496
524.png
2.3266667172657787,1.0,1.3960000164180801
1321.png
2.355555546495473,1.0,1.3531914724186511
1354.png
2.3146614265835757,1.0,1.4391278215962044
1226.png
2.3164932807995964,1.0,1.409584098178487
196.png
2.46437998333526,1.0,1.3248226879301845
470.png
2.2899159970840692,1.0,1.4192708596085615
719.png
2.3376343807353455,1.0,1.4199869130125247
898.png
2.341288715924381,1.0,1.414903840971801
151.png
2.2448747286643385,1.0,1.4965831524428923
444.png
2.0830188427819154,1.0,1.4680850928813944
384.png
2.1746724800127764,1.0,1.509090920738292
631.png
2.3318872345559267,1.0,1.4033942418686134
291.png
2.444981887646584,1.0,1.310434219367394
877.png
2.237516836388147,1.0,1.5141552470036237
932.png
2.7948553586580425,1.0,1.1822633384802328
740.png
2.626942925021345,1.0,1.2746700236611699
173.png
2.265503883531864,1.0,1.4594257482689403
679.png
2.2005075909229816,1.0,1.5345132417316942
675.png
2.2072784877809544,1.0,1.530444359558025
1092.png
2.332855605512192,1.0,1.4286072340901868
1004.png
2.8611111476884927,1.0,1.1875294173801727
40.png
2.3257630023504285,1.0,1.4398067035556825
647.png
2.377740288902855,1.0,1.3756097468748603
1284.png
2.332592609958738,1.0,1.4089485610677237
368.png
2.3000000000000003,1.0,1.4018058565671163
1184.png
2.3272395046437104,1.0,1.419175035198326
476.png
2.255663441173846,1.0,1.446058101213822
818.png
2.2756183570195345,1.0,1.4745277264344083
1096.png
2.7603091851017005,1.0,1.205402367712033
186.png
2.2380952223992674,1.0,1.5217932914060757
330.png
2.308788662720102,1.0,1.4259168697608071
682.png
2.7582608982697012,1.0,1.1826994983130337
923.png
2.2020725745281755,1.0,1.4554794652889846
1287.png
2.0642857068408165,1.0,1.6145251745800697
90.png
2.277936931355901,1.0,1.4507299328106187
215.png
2.1317829509257256,1.0,1.6016307834338284
179.png
2.1930456321189107,1.0,1.521630623558905
698.png
2.616246448695872,1.0,1.2604588563185397
861.png
2.3323903819656535,1.0,1.4227782553911654
396.png
2.4914529505256056,1.0,1.3190045366156509
169.png
2.228982353116509,1.0,1.4837997284325422
842.png
2.325886001666366,1.0,1.4153774352265622
1121.png
2.6432748538011697,1.0,1.1989389920424403
188.png
2.510703400118584,1.0,1.2908805004983979
536.png
2.146118752564584,1.0,1.5384615635024552
914.png
2.418201000527385,1.0,1.3681547522909068
961.png
2.2172702154940995,1.0,1.5061494895140564
347.png
2.379258463378356,1.0,1.378919858307813
164.png
2.2770919280675375,1.0,1.4497816589843062
540.png
2.2942386527721896,1.0,1.4276568747555667
410.png
2.6914286415843276,1.0,1.232984305803843
1061.png
2.2751773138227858,1.0,1.452898544340048
856.png
2.320594405709496,1.0,1.3923566712018824
660.png
2.3323263016082363,1.0,1.411334564951255
1202.png
2.2958333418682293,1.0,1.4519104009550046
385.png
2.5811965266213757,1.0,1.2778561404863122
547.png
2.2798001853334044,1.0,1.4557885245661701
846.png
2.332167793275222,1.0,1.3895833200233507
214.png
2.2180180030585177,1.0,1.5061174244951856
1137.png
2.2863202686983626,1.0,1.4469798789594255
241.png
2.6834381453623495,1.0,1.2098298896543933
962.png
2.223858645313324,1.0,1.4299242406200678
1351.png
2.4213518305716897,1.0,1.397884763280693
854.png
2.2810174813558923,1.0,1.5132940474302596
116.png
2.318750059577442,1.0,1.4310511218136006
743.png
2.567951361940391,1.0,1.2839756809701954
429.png
2.3020689911834866,1.0,1.420425529898546
125.png
2.297691359635598,1.0,1.4557351887089318
423.png
2.6616051071244753,1.0,1.217261894254535
1356.png
2.618451081411783,1.0,1.273684193094037
217.png
2.323095846025482,1.0,1.4271698097827838
107.png
2.2705649305322466,1.0,1.4761597671040032
266.png
2.35353535711356,1.0,1.3786982211683765
902.png
2.3153152867202342,1.0,1.4082191913049353
862.png
2.315418490227926,1.0,1.455149491723914
772.png
2.3295454392115187,1.0,1.3964577346064084
314.png
2.269132674205198,1.0,1.4510603668061097
360.png
2.2926136626763465,1.0,1.425795071095906
519.png
2.020100491285574,1.0,1.5826771881486765
262.png
2.2909090688392193,1.0,1.4643423039999317
59.png
2.2593541315283496,1.0,1.4757281377208031
195.png
2.3219372789039054,1.0,1.4100345837008659
315.png
2.298642594862924,1.0,1.4072022308706962
395.png
2.760869582358223,1.0,1.1981131861925955
458.png
2.49508193705563,1.0,1.2811447505169544
745.png
2.2747184048948075,1.0,1.4586677165061424
693.png
2.3318729664926363,1.0,1.4307795600310549
526.png
2.357695642025941,1.0,1.3915250153328038
1038.png
2.354014580038894,1.0,1.3723404233311451
1246.png
2.757746513683793,1.0,1.2146402233820173
331.png
2.3483354330654342,1.0,1.4228613916065815
887.png
2.6643730570044144,1.0,1.2549513851709777
1331.png
2.3487620726707545,1.0,1.4113842324159918
1101.png
2.303249107072424,1.0,1.4209354068846882
243.png
2.319148929885695,1.0,1.4461028238187172
993.png
2.2822902461500965,1.0,1.4525423782216318
951.png
2.483771188113133,1.0,1.3270024645563547
1298.png
2.1544828004576653,1.0,1.5542288704535432
843.png
2.3164457526662154,1.0,1.312929216165973
830.png
2.32914424579585,1.0,1.4091238383542999
80.png
2.312154686325204,1.0,1.4283276207241788
399.png
2.6309523660487533,1.0,1.277456644364329
1076.png
2.31111116942747,1.0,1.4089754383274624
282.png
2.323459686309368,1.0,1.418958039291511
426.png
2.7407406892043906,1.0,1.1868898149984048
674.png
2.253855294985007,1.0,1.4763014708028224
845.png
2.2826948309197297,1.0,1.4412010085987144
988.png
2.1939799437285936,1.0,1.4875283386416154
303.png
2.5654450075995725,1.0,1.2962962931834214
127.png
2.2879177861735,1.0,1.4638157821230091
1274.png
2.276752787193802,1.0,1.4517647199119172
77.png
2.331046279796758,1.0,1.4126819128074308
126.png
2.5834186683390823,1.0,1.2973528666017342
387.png
1.9498567693900712,1.0,1.6699386304032522
608.png
2.0353982779583375,1.0,1.575342456577219
832.png
2.3200758051597483,1.0,1.4186450608509724
1070.png
2.1757233392393704,1.0,1.5262376259195176
1289.png
2.3566362392715026,1.0,1.3755174375637818
904.png
2.2432160538101567,1.0,1.480106107958439
103.png
1.8655999709957636,1.0,1.7631048230845456
309.png
2.534772211650709,1.0,1.2598331309711033
578.png
2.299126688227962,1.0,1.4395078652123536
642.png
2.331313104982145,1.0,1.4185617649940747
717.png
2.303245422081432,1.0,1.423824451658596
566.png
2.164835154285714,1.0,1.5390624809570312
383.png
2.1976047650973505,1.0,1.464095770988853
875.png
2.0199999611920005,1.0,1.563467500836201
921.png
2.800000049326831,1.0,1.1835051491581252
876.png
2.437735873082236,1.0,1.3050505025257013
1217.png
2.536340869439388,1.0,1.3041237125023915
61.png
2.1694510928746134,1.0,1.5150000006426667
986.png
2.3207547430259883,1.0,1.4422110594330952
1232.png
2.317073188816181,1.0,1.42499999316
748.png
2.3484162556791426,1.0,1.4248455490009608
989.png
2.3150288579537412,1.0,1.3610875123741002
1110.png
2.3032258125015606,1.0,1.4110672218812983
501.png
2.271792345739932,1.0,1.4792729509782971
334.png
2.5565584008032607,1.0,1.3098027162410857
897.png
2.1809523903809525,1.0,1.4223602196115124
1231.png
2.3066667094222226,1.0,1.418032793099973
797.png
2.5743801800824166,1.0,1.274897676512431
1254.png
2.317484695061703,1.0,1.4308711976591284
1085.png
1.9978237211157925,1.0,1.6503370791360383
60.png
2.368275881314778,1.0,1.3736000083645954
136.png
2.307086614560419,1.0,1.4327628334978868
481.png
2.243478240919471,1.0,1.4603773764540409
706.png
2.2534818606660414,1.0,1.4857667817139593
1245.png
2.645756504963577,1.0,1.251308903946712
471.png
2.311881195923929,1.0,1.4314176496737046
1005.png
2.3072534986703617,1.0,1.429076227483919
351.png
2.287726358344797,1.0,1.4474856835980845
1068.png
2.3053199810016975,1.0,1.439229840059734
612.png
2.034013626700449,1.0,1.4875621655134776
1215.png
2.328110601137166,1.0,1.42309861529428
945.png
2.8722045423052203,1.0,1.1386953809791232
293.png
2.3488000012096,1.0,1.3888363226644198
57.png
2.362424757559463,1.0,1.4217335354310907
1257.png
2.6136364534504155,1.0,1.2365591464862988
1236.png
2.2890380441359257,1.0,1.477331804280152
473.png
2.313609484084031,1.0,1.4311859443184514
1190.png
2.3804877642016264,1.0,1.3969465382364814
777.png
2.3063628811574186,1.0,1.4262812455119327
1199.png
2.2884310319693295,1.0,1.4749744512158602
482.png
2.255176038532304,1.0,1.4855097164129685
956.png
2.2882759023205526,1.0,1.437608320591117
1040.png
2.2079771627684033,1.0,1.4990328704554245
1328.png
2.3468493020202517,1.0,1.417273331810458
265.png
2.3172413439181936,1.0,1.4328358172523312
829.png
2.312373195158178,1.0,1.4303638530153067
1227.png
2.32711931600878,1.0,1.4241623352734418
766.png
2.3456953685487476,1.0,1.4122807136531519
742.png
2.209332513735017,1.0,1.5259624165765389
1032.png
2.276923062786982,1.0,1.4603998749233507
343.png
2.5235507740132728,1.0,1.3241444989323614
69.png
1.989795950733028,1.0,1.6810345076828181
571.png
2.52742618811088,1.0,1.2909482625780322
796.png
2.051515143544261,1.0,1.6274038394934012
882.png
2.3265651868472665,1.0,1.4189886686585493
495.png
2.3249607765764266,1.0,1.4226705318341932
1002.png
2.3023910677882045,1.0,1.4410211248167526
1293.png
2.199464491410677,1.0,1.5269516607680245
1294.png
2.341743137990156,1.0,1.4050458687200025
565.png
2.3306288147275653,1.0,1.4255583102810805
669.png
2.3172302223510477,1.0,1.4135560019428286
836.png
2.337099829578086,1.0,1.4027882386945896
707.png
2.3949889030009253,1.0,1.4626462460922647
335.png
2.4242424099373907,1.0,1.3313161591383345
133.png
2.319391609454814,1.0,1.4344503127141521
434.png
2.6750629601905986,1.0,1.2249134933243937
584.png
2.32558138610214,1.0,1.4141414312368128
853.png
2.3239074909801025,1.0,1.4191522840005029
1228.png
2.320682023986429,1.0,1.4374786876791819
75.png
2.3043478154046095,1.0,1.4316883015064017
655.png
2.3460820426895963,1.0,1.4026770615586612
1210.png
2.353221991778926,1.0,1.4126074548638352
1156.png
2.3019608111546845,1.0,1.450576593089817
576.png
2.4569536294285883,1.0,1.3423790220298346
108.png
2.2885691040151865,1.0,1.4569974782203967
298.png
2.536679524009854,1.0,1.2526215452442793
239.png
2.8244274574739237,1.0,1.1562500024052735
358.png
2.5691503656823387,1.0,1.3218276852690616
601.png
2.3960113648742305,1.0,1.3809524048924862
1122.png
2.3010869511791117,1.0,1.4255891967990209
405.png
2.2839778826010444,1.0,1.4454545409769866
542.png
2.3005068466808734,1.0,1.4434348015533356
1315.png
2.3108959104945543,1.0,1.446498941419389
228.png
2.2980671081673814,1.0,1.4361093282312904
138.png
2.7222222588161378,1.0,1.2014010496773104
1024.png
2.800894903369118,1.0,1.2050048110006568
287.png
2.318627402588428,1.0,1.4119402767750504
790.png
2.4355443969696164,1.0,1.3356211209188218
1098.png
2.3823529486827617,1.0,1.3835403590461401
109.png
2.4956228827321065,1.0,1.2948986973667365
823.png
2.09861117296227,1.0,1.4705596190697758
1135.png
2.3519248107737942,1.0,1.4352571169111805
256.png
2.2626074246410797,1.0,1.5089686023174047
538.png
2.730235830819001,1.0,1.228393134664131
646.png
2.322948353136589,1.0,1.4331926973824498
78.png
2.2841945158301273,1.0,1.4092827075725836
786.png
2.3051643719156263,1.0,1.4273256011445379
942.png
2.1853546924458422,1.0,1.537842196227761
758.png
2.056979997385737,1.0,1.5593952459439564
731.png
2.3069620748080246,1.0,1.4182879559180308
1015.png
2.4333821693811433,1.0,1.3200953173562486
1073.png
2.379888232319841,1.0,1.3271028053559264
1079.png
2.2159888190520873,1.0,1.5221580015257778
359.png
2.8150850680597466,1.0,1.1639839038354067
1276.png
2.229074898817656,1.0,1.4904270767611776
654.png
2.3069163675897992,1.0,1.4345878090737367
1277.png
2.5882352407843143,1.0,1.2452829952046995
1327.png
2.716747064573333,1.0,1.2088316338436098
307.png
2.293470808553031,1.0,1.454664319287619
306.png
2.4166666666666665,1.0,1.3962962962962961
652.png
2.3402204036220775,1.0,1.4331505789880716
392.png
2.3386786198526055,1.0,1.4348681509478043
720.png
2.2933163053885415,1.0,1.4742747626436556
604.png
2.185248672457185,1.0,1.5367912985782863
621.png
2.304087769687946,1.0,1.4345127245980362
919.png
2.676136448677688,1.0,1.2329842931232011
34.png
2.3017456512008634,1.0,1.435458769095463
695.png
2.19176704971694,1.0,1.5340828869021488
460.png
2.068965514223467,1.0,1.5829787236891988
147.png
2.2823529850673596,1.0,1.4604768044097771
33.png
2.3057041367627207,1.0,1.4364242210547167
149.png
2.8057742323681985,1.0,1.1747252713623957
22.png
2.2804427324246688,1.0,1.427251714050851
365.png
2.2200000368472,1.0,1.4760638312908838
543.png
2.3657780517022,1.0,1.4402717571431227
508.png
2.2990724660916797,1.0,1.4744372968663633
371.png
2.346085906136716,1.0,1.3976157164614433
99.png
2.0569947695134103,1.0,1.5660749489183383
401.png
2.148484830266667,1.0,1.5280172482207752
475.png
2.232502908925223,1.0,1.5140788182702296
41.png
2.725440750765313,1.0,1.2002218631300947
982.png
2.295823705149924,1.0,1.479073251467202
225.png
2.414122157639816,1.0,1.334388185075364
1057.png
2.344797558772867,1.0,1.4462943177578567
1183.png
2.5558441507933884,1.0,1.2779220753966942
1194.png
2.271133328589972,1.0,1.4566265165871293
653.png
2.3946359823552212,1.0,1.3383297565750223
1302.png
2.2834007534370353,1.0,1.4170854424004447
68.png
2.2365269298185666,1.0,1.456140344335693
294.png
2.320512818612157,1.0,1.4313443415234324
874.png
2.318364083713702,1.0,1.4326065196188027
1118.png
2.285046699535986,1.0,1.4298245380847954
518.png
2.6206897262623876,1.0,1.2443905337186327
802.png
2.2904289831787747,1.0,1.419222908297724
1187.png
2.109965680238307,1.0,1.5927366844755664
888.png
2.3065693657395174,1.0,1.4202247250365865
851.png
2.2521186690008266,1.0,1.470262795598905
516.png
2.1992945567157514,1.0,1.5042219454316461
529.png
2.0654396585299355,1.0,1.62728245236368
587.png
2.3072252597136114,1.0,1.44157815485225
606.png
2.4852546573564105,1.0,1.3111739624143692
1014.png
2.0681458277276032,1.0,1.5779927416290287
253.png
2.5598802184449068,1.0,1.262924661422297
658.png
2.2503350867335894,1.0,1.4955456809805237
412.png
2.321997894092499,1.0,1.4318480009279613
64.png
2.4319676220735036,1.0,1.3452714092761453
1126.png
2.3925294295415864,1.0,1.4085648190124218
593.png
2.3094170767216986,1.0,1.4658444081016386
690.png
2.4140914621475336,1.0,1.352493061337956
935.png
2.3503401782596374,1.0,1.3710317706514552
285.png
2.271544747000225,1.0,1.4830148762437063
1010.png
2.26548670694129,1.0,1.468451210173693
1021.png
2.3459891490929228,1.0,1.4074327851068582
1012.png
2.5964343885133796,1.0,1.2699167924594519
168.png
2.372180419825259,1.0,1.3663923860121867
586.png
2.3226994236397607,1.0,1.438449876905655
1114.png
2.3148648269384595,1.0,1.4310776791037747
507.png
2.2236314108690634,1.0,1.458882282017127
296.png
1.945036919261811,1.0,1.6996415659946813
555.png
2.5309733753994066,1.0,1.2626931555746093
767.png
2.7073170265318267,1.0,1.1935483650017344
373.png
2.35880982268615,1.0,1.4033321752037051
514.png
2.357513001299901,1.0,1.3663663824673322
1213.png
2.3184450516665547,1.0,1.4403905619033908
167.png
2.504249283915608,1.0,1.2892561957979405
899.png
2.3220640129584553,1.0,1.4062499934115709
1261.png
2.311764751959344,1.0,1.4316940025754727
1117.png
2.3115884102176074,1.0,1.4547105114345689
367.png
2.2532051596016194,1.0,1.4116465878705586
1191.png
2.6945754598297187,1.0,1.2298169858341292
1350.png
2.2981859189756197,1.0,1.477405228505082
55.png
2.570024602550453,1.0,1.2602409879811876
583.png
2.2982683638826567,1.0,1.46495584237339
634.png
2.3050847058523423,1.0,1.4401694401797385
178.png
2.731132089939703,1.0,1.196281009370091
699.png
2.3137255153500402,1.0,1.427942823289995
1097.png
2.2832469403358187,1.0,1.4448087394359224
86.png
2.3395383282381106,1.0,1.4045596795508106
906.png
2.298701268578175,1.0,1.40476188250189
1216.png
2.3195917763498555,1.0,1.4390984900528947
242.png
2.3187963241250182,1.0,1.4331536311325261
1340.png
2.3275229590678226,1.0,1.427687091069715
965.png
2.3404908148400865,1.0,1.419534867000264
1031.png
2.7557894598723105,1.0,1.217674417615057
357.png
2.3071593381182898,1.0,1.4291845233184748
632.png
2.2694611363663104,1.0,1.424812021238623
1034.png
2.106145245423052,1.0,1.5610765780956242
1161.png
2.2457516310668204,1.0,1.4900260231011824
1250.png
2.329383834326667,1.0,1.42052022994393
1273.png
2.249427949774152,1.0,1.3521320359507616
1329.png
2.4225806212385015,1.0,1.3458781072903743
95.png
2.3354793213145815,1.0,1.4055101104681165
377.png
2.22424244927989,1.0,1.4592445570815271
94.png
2.278481022554078,1.0,1.4173228413466428
72.png
2.288684164477408,1.0,1.476069238267821
666.png
2.250000036044777,1.0,1.446043177467005
2.png
2.315849502354612,1.0,1.4322990145872234
727.png
2.2192770982278995,1.0,1.4927066370536581
346.png
2.642737873142383,1.0,1.2503949607779103
970.png
2.204385235857182,1.0,1.5496834423177532
1049.png
2.5296803995083508,1.0,1.331730774727256
216.png
2.5000000270600564,1.0,1.30752373855021
1159.png
2.277173968760044,1.0,1.4398625255358346
1296.png
2.351162827314224,1.0,1.386831285029947
778.png
2.27657870881087,1.0,1.4756476817307742
924.png
2.3155227376227963,1.0,1.4354654341114044
1239.png
2.1873315830468307,1.0,1.5508838995977787
1322.png
2.4406014820178195,1.0,1.3719357532276855
433.png
2.7715859851447706,1.0,1.2169938146562107
594.png
2.2923976542272837,1.0,1.4254545517707107
1233.png
2.548780487804878,1.0,1.2782874617737001
54.png
2.4823755223776316,1.0,1.3350505100881704
937.png
2.281931472229307,1.0,1.4292682865717072
979.png
2.432160759739654,1.0,1.3888091692151032
1278.png
2.2251023578034737,1.0,1.4733514051090988
1290.png
2.120197069052683,1.0,1.523000740838509
1271.png
2.7595628225266506,1.0,1.1785297287207284
1330.png
2.294247803380526,1.0,1.4447927418263624
696.png
2.384705458185667,1.0,1.4445757311930665
1039.png
2.3587617614539917,1.0,1.467331527985948
4.png
2.3289940235929145,1.0,1.4178674525159873
189.png
2.3118615648476952,1.0,1.4393993099812294
464.png
2.6934305840517188,1.0,1.23549105864918
1292.png
2.2162161816362316,1.0,1.4556212872259378
302.png
2.360515021241504,1.0,1.3784461262023482
1035.png
2.215080354587406,1.0,1.525106366705514
245.png
2.3260676031575396,1.0,1.4345678712489225
554.png
2.3161361880253075,1.0,1.4353741588043871
1054.png
2.3514099182340584,1.0,1.373891006103987
1283.png
2.3679999951201283,1.0,1.3805970175793607
704.png
2.2434555211780105,1.0,1.4801381617194198
1048.png
2.3040752167851144,1.0,1.432748559268721
528.png
2.222413832569412,1.0,1.523640669942617
739.png
2.4349111726086283,1.0,1.336038950455336
1165.png
2.466504305730646,1.0,1.336633645981048
1059.png
2.280623583512185,1.0,1.4361851558579695
1174.png
2.2449664672315435,1.0,1.3937500150729167
404.png
2.244355844815075,1.0,1.4746945748475613
1147.png
2.1928721661068264,1.0,1.5181422525967885
1123.png
2.2438220485964138,1.0,1.4708423321407245
56.png
2.2955665080238945,1.0,1.4236252509869711
71.png
2.3206349737989425,1.0,1.3950381887521124
43.png
2.289009431201966,1.0,1.4418803353429324
1365.png
2.311288460965456,1.0,1.4468236935646304
456.png
2.3053613200432514,1.0,1.4271284027766016
1083.png
2.480582513549392,1.0,1.3009164749780082
276.png
2.2793866816953354,1.0,1.4279615812693616
724.png
2.144573328021298,1.0,1.588524115665063
728.png
2.2340590828943534,1.0,1.551295917411196
755.png
2.2099927633865626,1.0,1.4938815746576461
844.png
2.1676646436004345,1.0,1.5519828516136676
163.png
2.22686562624843,1.0,1.4743082891142654
469.png
2.236631574033583,1.0,1.483798872343254
909.png
2.3828978915758774,1.0,1.350565437347312
455.png
2.2958093044301737,1.0,1.432820507992142
716.png
2.062780237746788,1.0,1.5206611457165498
975.png
2.2965116253469784,1.0,1.4389799536307444
1088.png
2.319347376222147,1.0,1.414356799441618
174.png
2.337662321996964,1.0,1.3846153983550296
811.png
2.227544870515975,1.0,1.5500000016229165
1192.png
2.4883040789843025,1.0,1.2874432619203013
1046.png
2.2883721047877987,1.0,1.4521841600688872
130.png
2.302101570777571,1.0,1.4421283368531856
23.png
2.3502399366087645,1.0,1.4111111151264746
708.png
2.32744236709133,1.0,1.4454268405151083
304.png
2.3251646517061677,1.0,1.4307900237209012
457.png
2.366699740371837,1.0,1.3883721231191863
620.png
2.2830188770974247,1.0,1.4462151379698736
295.png
2.3473684215772854,1.0,1.434083608041997
478.png
2.025477705383991,1.0,1.6605744158040479
492.png
2.2682020762311974,1.0,1.4663784894052772
749.png
2.3759885208348424,1.0,1.37250833392435
800.png
2.257231458425377,1.0,1.483367284551195
1033.png
2.3568945786180686,1.0,1.4046961167643122
247.png
2.291286298264279,1.0,1.4620068835403701
969.png
2.3425605911591507,1.0,1.4153310055712416
1075.png
2.2732190819095837,1.0,1.4538639082054414
1222.png
2.354166665617503,1.0,1.3997747455729297
502.png
2.710963404515956,1.0,1.196480950251847
618.png
2.2951976787417423,1.0,1.4167393158386725
1170.png
2.1999999724307693,1.0,1.5772058655190313
394.png
2.318385684634721,1.0,1.4203296871609712
857.png
2.245283076428364,1.0,1.4757610105108236
491.png
2.2815442654231437,1.0,1.4837721947804863
649.png
2.2458531297094355,1.0,1.4895874333503545
881.png
2.7177419243997134,1.0,1.203571408250638
1019.png
2.333883361383933,1.0,1.4133910503328586
490.png
2.255665711972069,1.0,1.4883177431075532
1342.png
2.827850804936882,1.0,1.1895756366061705
114.png
2.3088923398632453,1.0,1.4068441127714366
787.png
2.1854492870056443,1.0,1.5412474718451554
639.png
2.1894050041454682,1.0,1.54797333449819
1362.png
2.338902085785569,1.0,1.3990006979451306
88.png
2.515872949310407,1.0,1.3034539504776905
432.png
2.8003992973753116,1.0,1.1711185415835659
709.png
2.356275292124113,1.0,1.3661971876628314
803.png
2.4044559255328894,1.0,1.3614750093884178
1280.png
2.6805845221741103,1.0,1.232245682467
677.png
2.6363128243555476,1.0,1.2418421152223373
976.png
2.237261122627592,1.0,1.4852008414383808
1181.png
2.7780898695295733,1.0,1.175980980500282
905.png
2.4568470135167746,1.0,1.3368816444763252
1317.png
2.2489451865583336,1.0,1.4744121528920342
1197.png
2.1815856763325727,1.0,1.5204991375253005
425.png
2.5529225774425552,1.0,1.2605304294668287
568.png
2.284714790722646,1.0,1.4637931160267836
1304.png
2.252440730729465,1.0,1.458897923210578
531.png
2.8883676733181955,1.0,1.1742944331489056
1107.png
2.2138177739250766,1.0,1.5183823403362289
1052.png
2.360866636628846,1.0,1.3920159698849919
546.png
2.3013416157302915,1.0,1.436855674324093
860.png
2.4251497288518777,1.0,1.334431626694875
463.png
2.1793650914940788,1.0,1.530657785316844
635.png
2.3533834044604,1.0,1.366812213172899
948.png
2.2787437363830843,1.0,1.4341687424937601
321.png
2.7492659486608217,1.0,1.2203831603817696
880.png
2.4447582223373896,1.0,1.3885324751375725
990.png
2.3033884973494514,1.0,1.4420325544856647
474.png
2.247484903702294,1.0,1.4794701987170562
379.png
2.3170212348266186,1.0,1.41245133858499
582.png
2.323784702841277,1.0,1.4284952132231208
977.png
2.337662361833924,1.0,1.381074187875668
983.png
2.204347872796031,1.0,1.4824561384136146
1006.png
2.2978722831088745,1.0,1.4360834226776038
1144.png
2.305741955613701,1.0,1.4361356227774162
558.png
2.2625697774320415,1.0,1.494464963393064
941.png
2.4687976569314447,1.0,1.3230016454059543
966.png
2.288786490293605,1.0,1.4313160706315977
273.png
2.3285714307167344,1.0,1.3884156863873418
1248.png
2.3907039570673905,1.0,1.4002761984112544
201.png
2.3552941340427958,1.0,1.3902777913558642
1112.png
2.243083016716712,1.0,1.48950131821264
1186.png
2.4296874272094744,1.0,1.3463203310020426
520.png
2.2316784340952007,1.0,1.4984126861358529
98.png
2.0998766753136513,1.0,1.587138843341938
224.png
2.691629919962352,1.0,1.2318548498256212
764.png
2.2558645006336295,1.0,1.4905281387453166
145.png
2.8876405495219486,1.0,1.1456166506282663
212.png
2.4978722789780905,1.0,1.335608625812609
350.png
2.5934426240655735,1.0,1.2509225104353932
15.png
2.2619047254052806,1.0,1.479672636179298
115.png
2.1708542987321033,1.0,1.54285711589898
1364.png
2.3551514406608356,1.0,1.3898426303921503
280.png
2.2825629996820274,1.0,1.455458802320927
549.png
2.2482435710138815,1.0,1.4723926436007189
143.png
2.3202568457257935,1.0,1.4261288940500918
1125.png
2.530291183073311,1.0,1.3180327921907955
229.png
2.2153517623415984,1.0,1.4716713686464864
37.png
2.322916690820494,1.0,1.3521980727508829
574.png
2.242577898958453,1.0,1.4825275361320176
479.png
2.2225130641013133,1.0,1.4714038167349794
581.png
2.3181818315371903,1.0,1.468330137571848
640.png
2.519797796852067,1.0,1.3089715661373644
539.png
2.331398673904227,1.0,1.4496571734769104
824.png
2.2757660505936745,1.0,1.4494382136909214
166.png
2.3004846541715622,1.0,1.4325956020267483
702.png
2.385638259232544,1.0,1.3789392865929242
258.png
2.243967813338413,1.0,1.4735915508939819
448.png
2.3455149891785974,1.0,1.4021847140218473
97.png
2.259702700415973,1.0,1.5102097309868479
443.png
2.2736549101905714,1.0,1.4580606929362039
671.png
2.358744421515213,1.0,1.3680103953005356
863.png
2.2732011997797508,1.0,1.4601473484809353
917.png
2.325000006191964,1.0,1.4276316013596493
1189.png
2.2684425917608677,1.0,1.450851924087851
402.png
2.270731707552409,1.0,1.4615384424296582
557.png
2.2687396232484365,1.0,1.4613734133494356
1255.png
2.2995008178534255,1.0,1.440333520954127
1209.png
2.2745592184964063,1.0,1.4242902288553474
765.png
2.2356979193767055,1.0,1.4916030504451256
223.png
2.307206074967084,1.0,1.442687754190161
1303.png
2.165948300896673,1.0,1.5589451854645786
598.png
2.347245412790098,1.0,1.3990049748561668
1045.png
2.580474905999216,1.0,1.2823426578285462
1.png
2.7913165899182824,1.0,1.179289937580032
1103.png
2.3185017665050403,1.0,1.472381871235978
1312.png
2.3390874888217814,1.0,1.4252441933608608
1272.png
2.3390535298173116,1.0,1.442128903478078
339.png
2.26288656687303,1.0,1.45203970524068
161.png
2.268722458192086,1.0,1.4305555270702164
218.png
2.8088494948017866,1.0,1.2040971063964923
775.png
2.328767108355731,1.0,1.4322747901218262
987.png
2.799295783042055,1.0,1.2100456692190182
1211.png
2.3544303995210707,1.0,1.3974455080816242
397.png
2.3349088414189274,1.0,1.432477238824803
1243.png
2.244215903206198,1.0,1.4834324438271849
62.png
2.375352779269909,1.0,1.3981174043832851
826.png
2.2386980214897534,1.0,1.4861944682615231
1339.png
2.3160854684270573,1.0,1.4510218487563575
486.png
2.5661938345650372,1.0,1.2622093075935403
814.png
2.291139202661113,1.0,1.4229559675677388
789.png
2.2908653696885404,1.0,1.4330827006956188
427.png
2.277628083956235,1.0,1.4395229882497846
1023.png
2.268421037111219,1.0,1.4487394876517479
688.png
2.1184572427896557,1.0,1.5472836916614374
386.png
2.3443073182379996,1.0,1.3628389301679096
1275.png
2.2966251923754064,1.0,1.4366666755471111
769.png
2.345950674506508,1.0,1.4297210397767186
1171.png
2.4570787182321743,1.0,1.3657256978238157
185.png
2.346753183276034,1.0,1.3996901465351799
140.png
2.32537312959501,1.0,1.4267399429993695
585.png
2.2958984638309485,1.0,1.4291793346647574
687.png
2.1715210324865684,1.0,1.542528768983486
58.png
2.307511703159674,1.0,1.4194945699819677
101.png
2.455801097997497,1.0,1.3609920427352393
257.png
2.5031847151304314,1.0,1.2476190463114134
866.png
2.3399340103175073,1.0,1.4294354665239661
662.png
2.326601723277438,1.0,1.4085160080635413
52.png
2.7636363225228897,1.0,1.1771043755793695
644.png
2.3114187,1.0,1.3688524798894788
889.png
2.32988928324732,1.0,1.4455128475362782
1267.png
2.3197903171311083,1.0,1.4081145558100414
1056.png
2.2344497741780183,1.0,1.4731861178974812
120.png
2.3328160820994266,1.0,1.4373804998176427
614.png
2.461538449254938,1.0,1.3224679869291323
665.png
2.9576023391812862,1.0,1.1152149944873206
551.png
2.2954544940134305,1.0,1.412587413010905
651.png
2.2613302122606,1.0,1.4686544510809802
689.png
2.318797050740461,1.0,1.434418617970864
230.png
2.271293425334117,1.0,1.4604462721410088
1080.png
2.28254847078698,1.0,1.4367916594788424
87.png
2.1520467592657573,1.0,1.5642933082124177
1026.png
2.2796833154714196,1.0,1.4496644102712717
1357.png
2.3423822573930098,1.0,1.4376062592078092
79.png
2.2669196775478095,1.0,1.4664484506749687
45.png
2.671296330594136,1.0,1.2355460462279162
337.png
2.299781126729456,1.0,1.437756474232326
49.png
2.320066332196315,1.0,1.4167088375371
406.png
2.2237624022362517,1.0,1.483487450961785
544.png
2.3335304422395673,1.0,1.434387470041714
450.png
2.2871508493155144,1.0,1.441549322209701
1252.png
2.2724196469961435,1.0,1.4685620908843762
1204.png
2.3945248804358865,1.0,1.3838994821662265
493.png
2.702205989954588,1.0,1.2290970020398262
260.png
2.465613391020111,1.0,1.3473844545308142
1082.png
2.473489450356019,1.0,1.3427041604786214
187.png
2.3194349182554777,1.0,1.4578730864197529
165.png
2.55731924240058,1.0,1.280918729094757
1260.png
2.057815837834554,1.0,1.5450161055187088
435.png
2.515315298374288,1.0,1.332061066736277
685.png
2.3194805717078237,1.0,1.441717778631686
184.png
2.320697429196075,1.0,1.4310425270728218
372.png
2.34909095176291,1.0,1.357142840372149
480.png
2.400000061892959,1.0,1.3653846165131904
615.png
2.205660398998434,1.0,1.5142487078142364
943.png
2.2789473510819946,1.0,1.455462157208898
1055.png
2.2188940615950656,1.0,1.5213270260730893
190.png
2.659715624362849,1.0,1.2549194964227026
419.png
2.2726304862020985,1.0,1.454669399331998
523.png
2.8788587245086656,1.0,1.168375078928855
589.png
2.261538509755969,1.0,1.449506988965101
381.png
2.226932708965119,1.0,1.4883333386996667
1182.png
2.266829815623629,1.0,1.4863563349428925
1319.png
2.31415925050423,1.0,1.4463495582186137
36.png
2.313988130252157,1.0,1.4478584762319544
1282.png
2.3710800686980553,1.0,1.3845371290566695
673.png
2.3203592681274428,1.0,1.4331946292500015
815.png
2.3708440363694643,1.0,1.3794643073953021
11.png
2.3237081652069924,1.0,1.4336615011011413
512.png
2.2546667090515204,1.0,1.464069281563719
1036.png
2.5751295661993616,1.0,1.3010471251204738
1050.png
2.7283824393699265,1.0,1.2322536090753908
616.png
2.280453276772304,1.0,1.4478417164168522
954.png
2.3333332832686096,1.0,1.3945841295994597
10.png
2.286910253380178,1.0,1.4723175001741131
721.png
2.294871855029587,1.0,1.4406438703407567
106.png
2.270212794341331,1.0,1.4360700115279625
1102.png
2.768472973996944,1.0,1.1745036401545452
607.png
2.387706854948499,1.0,1.3969571116733146
431.png
2.3342293784424175,1.0,1.414223673071969
65.png
2.2604802684477283,1.0,1.481461704308495
1134.png
2.83003958493337,1.0,1.1718494373260546
974.png
2.3139013314524726,1.0,1.3908355825793186
645.png
2.3235440361462816,1.0,1.4425216172171043
1309.png
2.58000000336,1.0,1.2772277194784827
1108.png
2.3336019074241556,1.0,1.4280078930239957
417.png
2.393129821394151,1.0,1.3871681547860544
1153.png
2.374321864617065,1.0,1.3792016801436824
318.png
2.3179825181288245,1.0,1.4351663403695394
1188.png
2.5815507761003498,1.0,1.3016514757163653
1128.png
2.3928571391751703,1.0,1.358108081421202
279.png
2.3392857739023984,1.0,1.4232684336741892
310.png
2.199488457807053,1.0,1.5248226996001206
1325.png
2.3112583042936716,1.0,1.4230377210452523
580.png
2.2306438780466142,1.0,1.4931805868619736
535.png
2.5170358003872955,1.0,1.3081009313047942
1129.png
2.2012578663328193,1.0,1.500535915639922
1310.png
2.18814810700405,1.0,1.535343058897135
449.png
2.233557298792783,1.0,1.5007127577417465
1314.png
2.3162162524857566,1.0,1.4003268011171985
1332.png
2.1758474560736856,1.0,1.5466867595471043
1270.png
2.323159792157428,1.0,1.4034707132255164
