FujifilmXM1_0001.PNG
1.81342695422,1.0,2.15001698947
FujifilmXM1_0002.PNG
1.85662492764,1.0,1.74518170623
FujifilmXM1_0004.PNG
2.2061049445,1.0,1.45774295716
FujifilmXM1_0008.PNG
1.93768897068,1.0,1.67290886392
FujifilmXM1_0009.PNG
2.08072157434,1.0,1.5727566972
FujifilmXM1_0013.PNG
1.89048638727,1.0,1.68801213961
FujifilmXM1_0014.PNG
1.95344673232,1.0,1.6719025362
FujifilmXM1_0015.PNG
1.96239846673,1.0,1.67656920078
FujifilmXM1_0017.PNG
1.96362618914,1.0,1.62554045707
FujifilmXM1_0018.PNG
2.00888940199,1.0,1.64922756137
FujifilmXM1_0019.PNG
2.20967741935,1.0,1.58635131806
FujifilmXM1_0021.PNG
1.76546582017,1.0,1.82927295674
FujifilmXM1_0025.PNG
1.75685896995,1.0,1.87184058219
FujifilmXM1_0026.PNG
1.90011489301,1.0,1.76183500899
FujifilmXM1_0027.PNG
1.83360964582,1.0,1.74563090079
FujifilmXM1_0028.PNG
1.93016928658,1.0,1.72293992647
FujifilmXM1_0030.PNG
2.13055339825,1.0,1.55916642378
FujifilmXM1_0031.PNG
1.96931240085,1.0,1.63692993225
FujifilmXM1_0032.PNG
1.21563609976,1.0,3.76051512287
FujifilmXM1_0036.PNG
2.00918807425,1.0,1.56377699942
FujifilmXM1_0037.PNG
1.86322792466,1.0,1.67475633907
FujifilmXM1_0039.PNG
1.83739837398,1.0,1.7276306234
FujifilmXM1_0040.PNG
1.88273156995,1.0,1.72090457805
FujifilmXM1_0043.PNG
1.96149385293,1.0,1.67313019391
FujifilmXM1_0044.PNG
1.07184228113,1.0,4.82839939789
FujifilmXM1_0045.PNG
0.884030686685,1.0,4.62407680945
FujifilmXM1_0046.PNG
2.28837522442,1.0,1.84661354582
FujifilmXM1_0047.PNG
1.80690737834,1.0,2.2805974699
FujifilmXM1_0055.PNG
2.07355942308,1.0,1.5402827457
FujifilmXM1_0058.PNG
2.35072213839,1.0,1.37204328133
FujifilmXM1_0059.PNG
2.22203951876,1.0,1.49704579025
FujifilmXM1_0060.PNG
1.47835394862,1.0,2.49038307421
FujifilmXM1_0061.PNG
1.70517432208,1.0,1.85610481533
FujifilmXM1_0062.PNG
1.87991429104,1.0,1.68495323981
FujifilmXM1_0063.PNG
1.89058646204,1.0,1.63308181684
FujifilmXM1_0064.PNG
1.52342996722,1.0,2.18312453943
FujifilmXM1_0065.PNG
1.47317780414,1.0,2.34146852414
FujifilmXM1_0066.PNG
1.81606596622,1.0,1.66483784443
FujifilmXM1_0067.PNG
2.00803833668,1.0,1.60827039742
FujifilmXM1_0068.PNG
1.56273764259,1.0,2.23419563201
FujifilmXM1_0069.PNG
1.97447007066,1.0,1.7256626857
FujifilmXM1_0070.PNG
1.94656707843,1.0,1.77428646242
FujifilmXM1_0071.PNG
1.84726587052,1.0,1.83420012482
FujifilmXM1_0072.PNG
1.75753759538,1.0,1.88480635551
FujifilmXM1_0073.PNG
1.98724466217,1.0,1.69291338583
FujifilmXM1_0074.PNG
2.12052567871,1.0,1.57852055265
FujifilmXM1_0075.PNG
1.99965934253,1.0,1.64691028968
FujifilmXM1_0076.PNG
1.98873072361,1.0,1.6155143339
FujifilmXM1_0077.PNG
2.02591743119,1.0,1.56115235065
FujifilmXM1_0078.PNG
2.21084337349,1.0,1.44795144158
FujifilmXM1_0079.PNG
1.62446815931,1.0,2.03139991278
FujifilmXM1_0080.PNG
1.85669781931,1.0,1.94238039369
FujifilmXM1_0081.PNG
1.5396937159,1.0,2.13601953602
FujifilmXM1_0082.PNG
1.8016091954,1.0,1.79213354676
FujifilmXM1_0083.PNG
1.71165644172,1.0,1.87248322148
FujifilmXM1_0084.PNG
2.39433416046,1.0,1.37094482595
FujifilmXM1_0085.PNG
1.07870894677,1.0,4.29054054054
FujifilmXM1_0086.PNG
2.12951167728,1.0,1.74825697211
FujifilmXM1_0087.PNG
0.857885615251,1.0,3.50442477876
FujifilmXM1_0088.PNG
1.00684334951,1.0,3.20983736612
FujifilmXM1_0089.PNG
0.867677668748,1.0,3.8700265252
FujifilmXM1_0090.PNG
0.967456472733,1.0,3.49545100078
FujifilmXM1_0091.PNG
0.893285714286,1.0,3.9688987623
FujifilmXM1_0092.PNG
1.06845493562,1.0,3.13164349959
FujifilmXM1_0093.PNG
0.962294735358,1.0,3.40668662675
FujifilmXM1_0094.PNG
1.01540646077,1.0,3.26641543908
FujifilmXM1_0095.PNG
2.22910058324,1.0,1.53248214977
FujifilmXM1_0096.PNG
1.05263157895,1.0,3.14024390244
FujifilmXM1_0097.PNG
0.902469652574,1.0,3.72446555819
FujifilmXM1_0098.PNG
1.98278512143,1.0,1.70050092275
FujifilmXM1_0099.PNG
1.9630328178,1.0,1.61014851485
FujifilmXM1_0100.PNG
1.98906964921,1.0,1.73744102137
FujifilmXM1_0101.PNG
1.90706904298,1.0,1.63722275796
FujifilmXM1_0102.PNG
1.87934042063,1.0,1.69260412035
FujifilmXM1_0103.PNG
1.97293133803,1.0,1.64616232097
FujifilmXM1_0104.PNG
1.92113709308,1.0,1.63671875
FujifilmXM1_0105.PNG
1.84200656353,1.0,1.72412784319
FujifilmXM1_0106.PNG
1.97378435518,1.0,1.63140726934
FujifilmXM1_0107.PNG
1.86856567846,1.0,1.77408686705
FujifilmXM1_0108.PNG
2.1650111494,1.0,2.09740769835
FujifilmXM1_0109.PNG
1.6990401674,1.0,2.16710182768
FujifilmXM1_0110.PNG
2.23770426465,1.0,1.54777526603
FujifilmXM1_0111.PNG
1.90758571043,1.0,1.64934256594
FujifilmXM1_0112.PNG
1.05420071919,1.0,3.16280894468
FujifilmXM1_0113.PNG
1.22807493891,1.0,3.03129817036
FujifilmXM1_0114.PNG
1.8325638658,1.0,1.67247191011
FujifilmXM1_0115.PNG
1.92679459844,1.0,1.62725090036
FujifilmXM1_0116.PNG
1.19073977372,1.0,3.1868070437
FujifilmXM1_0117.PNG
1.56221173442,1.0,2.31109171692
FujifilmXM1_0118.PNG
2.07582938389,1.0,1.51898734177
FujifilmXM1_0119.PNG
1.94267638037,1.0,1.67876076872
FujifilmXM1_0120.PNG
1.43677432974,1.0,3.25427943005
FujifilmXM1_0121.PNG
1.58895808786,1.0,2.83058470765
FujifilmXM1_0122.PNG
1.27373546118,1.0,3.45893932716
FujifilmXM1_0123.PNG
1.22912332838,1.0,3.71508128986
FujifilmXM1_0124.PNG
1.19985863227,1.0,3.35877323157
FujifilmXM1_0125.PNG
1.21688034188,1.0,2.81763308925
FujifilmXM1_0126.PNG
1.4228125,1.0,2.42077839217
FujifilmXM1_0127.PNG
1.08807494433,1.0,3.86630286494
FujifilmXM1_0128.PNG
1.19026790596,1.0,3.80594405594
FujifilmXM1_0129.PNG
1.04256406979,1.0,4.02491981248
FujifilmXM1_0130.PNG
1.1029324577,1.0,3.91580310881
FujifilmXM1_0131.PNG
1.14785488796,1.0,3.73557894737
FujifilmXM1_0132.PNG
1.92126626385,1.0,1.67107299458
FujifilmXM1_0133.PNG
1.95585010963,1.0,1.64088628763
FujifilmXM1_0134.PNG
1.87705468557,1.0,1.68893129771
FujifilmXM1_0135.PNG
1.95596986129,1.0,1.64435717944
FujifilmXM1_0136.PNG
1.94649377748,1.0,1.65573198948
FujifilmXM1_0137.PNG
1.98134715026,1.0,1.80470224816
FujifilmXM1_0138.PNG
2.02261349905,1.0,1.59675660943
FujifilmXM1_0139.PNG
2.01176115802,1.0,1.62985585145
FujifilmXM1_0140.PNG
2.07275210044,1.0,1.60272767268
FujifilmXM1_0141.PNG
2.01504509192,1.0,1.59762805088
FujifilmXM1_0142.PNG
1.89824724678,1.0,1.66412836552
FujifilmXM1_0143.PNG
1.93378305032,1.0,1.65329797812
FujifilmXM1_0144.PNG
1.85445682451,1.0,1.78724832215
FujifilmXM1_0145.PNG
1.88741721854,1.0,1.67299723757
FujifilmXM1_0146.PNG
1.83422603107,1.0,1.71525169046
FujifilmXM1_0147.PNG
1.8560248654,1.0,1.70655779536
FujifilmXM1_0148.PNG
1.89541065423,1.0,1.66420576328
FujifilmXM1_0149.PNG
1.39417457999,1.0,1.73117913832
FujifilmXM1_0150.PNG
1.33130810336,1.0,1.93808610401
FujifilmXM1_0151.PNG
1.9443876972,1.0,1.6327075193
FujifilmXM1_0152.PNG
0.741479962133,1.0,3.2692173913
FujifilmXM1_0153.PNG
1.15503875969,1.0,3.13806552262
FujifilmXM1_0154.PNG
1.20417758594,1.0,2.49808122801
FujifilmXM1_0155.PNG
1.87317480184,1.0,1.70373613543
FujifilmXM1_0156.PNG
1.926910299,1.0,1.64649633946
FujifilmXM1_0157.PNG
2.17105850826,1.0,1.48599902177
FujifilmXM1_0158.PNG
1.82100027255,1.0,1.74616138517
FujifilmXM1_0159.PNG
1.90966076696,1.0,1.64936305732
FujifilmXM1_0160.PNG
1.87087176436,1.0,1.68918737408
FujifilmXM1_0161.PNG
1.86558791802,1.0,1.71840222576
FujifilmXM1_0162.PNG
2.11044496487,1.0,1.52212688332
FujifilmXM1_0163.PNG
2.01080028329,1.0,1.67495022491
FujifilmXM1_0164.PNG
1.93298969072,1.0,1.6201203518
FujifilmXM1_0165.PNG
1.21426451677,1.0,3.66993048808
FujifilmXM1_0166.PNG
1.87493579866,1.0,1.78924151452
FujifilmXM1_0167.PNG
2.00303407921,1.0,1.5856744585
FujifilmXM1_0168.PNG
1.76696464852,1.0,1.88941994352
FujifilmXM1_0169.PNG
1.69214023831,1.0,2.00638500204
FujifilmXM1_0170.PNG
1.59965362967,1.0,2.08738229755
FujifilmXM1_0171.PNG
1.95040122277,1.0,1.61331310449
FujifilmXM1_0172.PNG
2.03796296296,1.0,1.55525720746
FujifilmXM1_0173.PNG
2.05831551945,1.0,1.64673689971
FujifilmXM1_0174.PNG
1.89910102471,1.0,1.68210924884
FujifilmXM1_0175.PNG
1.84588929408,1.0,1.72084024323
FujifilmXM1_0176.PNG
1.80066526043,1.0,1.78502493164
FujifilmXM1_0177.PNG
1.8405462589,1.0,1.72228221742
FujifilmXM1_0178.PNG
1.86823734729,1.0,1.69718588981
FujifilmXM1_0179.PNG
1.96281325788,1.0,1.6734825162
FujifilmXM1_0180.PNG
2.027832645,1.0,1.5973125884
FujifilmXM1_0181.PNG
1.988892042,1.0,1.60138399269
FujifilmXM1_0182.PNG
1.96708735462,1.0,1.71093413689
FujifilmXM1_0183.PNG
2.08994501178,1.0,1.50502050629
FujifilmXM1_0184.PNG
2.02714085166,1.0,1.52197589853
FujifilmXM1_0185.PNG
2.13006330012,1.0,1.43699731903
FujifilmXM1_0186.PNG
1.84466548576,1.0,1.73075939657
FujifilmXM1_0187.PNG
1.92356152877,1.0,2.00877192982
FujifilmXM1_0188.PNG
1.80825740786,1.0,1.75202799427
FujifilmXM1_0189.PNG
1.875686752,1.0,1.70545984771
FujifilmXM1_0190.PNG
1.9319588358,1.0,1.66164796058
FujifilmXM1_0191.PNG
1.95606837607,1.0,1.6405734767
FujifilmXM1_0192.PNG
1.86464959028,1.0,1.69655891554
FujifilmXM1_0193.PNG
1.85621463006,1.0,1.73483779972
FujifilmXM1_0194.PNG
1.92255856804,1.0,1.69014671171
FujifilmXM1_0195.PNG
1.89208956903,1.0,1.67388382858
FujifilmXM1_0196.PNG
1.82056611243,1.0,1.75065429455
