SamsungNX2000_0001.PNG
2.40576027107,1.0,1.70750037577
SamsungNX2000_0002.PNG
2.3775047259,1.0,1.70628137295
SamsungNX2000_0003.PNG
2.80178629076,1.0,1.34871794872
SamsungNX2000_0004.PNG
2.47199490371,1.0,1.60850711052
SamsungNX2000_0005.PNG
2.35885067512,1.0,1.63005249344
SamsungNX2000_0007.PNG
2.42599277978,1.0,1.55730337079
SamsungNX2000_0008.PNG
2.59753370392,1.0,1.51242559524
SamsungNX2000_0011.PNG
2.51219162364,1.0,1.56695220416
SamsungNX2000_0014.PNG
2.42367262111,1.0,1.56485623003
SamsungNX2000_0015.PNG
2.39432033321,1.0,1.57251566697
SamsungNX2000_0018.PNG
2.27546239211,1.0,1.63021201413
SamsungNX2000_0021.PNG
2.43548882121,1.0,1.54871640895
SamsungNX2000_0022.PNG
2.26506899056,1.0,1.74929893438
SamsungNX2000_0024.PNG
2.37726098191,1.0,1.65167067968
SamsungNX2000_0026.PNG
2.33769111456,1.0,1.74433023781
SamsungNX2000_0027.PNG
2.42710472279,1.0,1.70129540259
SamsungNX2000_0028.PNG
2.40293211943,1.0,1.65155976811
SamsungNX2000_0030.PNG
2.61139475516,1.0,1.49933377748
SamsungNX2000_0032.PNG
2.50628556305,1.0,1.57960579356
SamsungNX2000_0035.PNG
2.56890288205,1.0,1.53413364189
SamsungNX2000_0037.PNG
2.58273354604,1.0,1.51518119491
SamsungNX2000_0038.PNG
2.33873311056,1.0,1.57563744922
SamsungNX2000_0039.PNG
2.57363934426,1.0,1.51724137931
SamsungNX2000_0041.PNG
2.4096163186,1.0,1.61388328671
SamsungNX2000_0043.PNG
2.46927394798,1.0,1.6651410193
SamsungNX2000_0044.PNG
2.56464831804,1.0,1.65034634761
SamsungNX2000_0045.PNG
1.2475952876,1.0,4.31225447926
SamsungNX2000_0047.PNG
2.81925207756,1.0,1.85213830755
SamsungNX2000_0048.PNG
2.22239348233,1.0,2.26097670251
SamsungNX2000_0049.PNG
1.94238530408,1.0,2.28098273138
SamsungNX2000_0050.PNG
2.75416178791,1.0,1.8735281895
SamsungNX2000_0057.PNG
2.41775991507,1.0,1.68514799154
SamsungNX2000_0058.PNG
2.62010065579,1.0,1.50152949745
SamsungNX2000_0059.PNG
2.92842099789,1.0,1.29987189401
SamsungNX2000_0060.PNG
2.78136552951,1.0,1.44119786615
SamsungNX2000_0061.PNG
2.02160245043,1.0,2.29552610383
SamsungNX2000_0062.PNG
2.31468067459,1.0,1.759604876
SamsungNX2000_0064.PNG
2.41922952412,1.0,1.59088006131
SamsungNX2000_0066.PNG
1.98667732481,1.0,2.17969206782
SamsungNX2000_0068.PNG
2.58802323253,1.0,1.47874349145
SamsungNX2000_0069.PNG
2.19931047941,1.0,1.97413365253
SamsungNX2000_0070.PNG
2.50060272085,1.0,1.62566705228
SamsungNX2000_0071.PNG
2.57536088945,1.0,1.69607322114
SamsungNX2000_0072.PNG
2.41622945086,1.0,1.81789473684
SamsungNX2000_0073.PNG
2.21510510685,1.0,1.8726923645
SamsungNX2000_0074.PNG
2.508585934,1.0,1.67622848591
SamsungNX2000_0075.PNG
2.72974020938,1.0,1.5240632806
SamsungNX2000_0076.PNG
2.49234096234,1.0,1.58752630572
SamsungNX2000_0077.PNG
2.44884347571,1.0,1.62834841228
SamsungNX2000_0078.PNG
2.50931386115,1.0,1.56152297176
SamsungNX2000_0079.PNG
2.86113620962,1.0,1.35740120563
SamsungNX2000_0080.PNG
2.09075586672,1.0,1.92618251314
SamsungNX2000_0081.PNG
2.31075991433,1.0,1.88018267035
SamsungNX2000_0082.PNG
1.94870415209,1.0,2.05732680063
SamsungNX2000_0083.PNG
2.29492314858,1.0,1.69034958318
SamsungNX2000_0084.PNG
2.33719591743,1.0,1.75964871736
SamsungNX2000_0085.PNG
2.9740983838,1.0,1.31811072881
SamsungNX2000_0086.PNG
1.29889752173,1.0,3.87148741419
SamsungNX2000_0087.PNG
2.73399014778,1.0,1.63842116772
SamsungNX2000_0088.PNG
1.07747577142,1.0,3.14080448107
SamsungNX2000_0089.PNG
1.37899945025,1.0,3.03027374423
SamsungNX2000_0090.PNG
1.14832861962,1.0,3.84483742156
SamsungNX2000_0091.PNG
1.28737469127,1.0,3.26347967001
SamsungNX2000_0092.PNG
1.14875608503,1.0,3.54201236989
SamsungNX2000_0093.PNG
1.33044420368,1.0,3.11666337667
SamsungNX2000_0094.PNG
1.27610320714,1.0,3.17000119804
SamsungNX2000_0095.PNG
1.31247523326,1.0,3.0010708402
SamsungNX2000_0096.PNG
2.75849507316,1.0,1.48371450597
SamsungNX2000_0097.PNG
1.35132633917,1.0,3.08345011614
SamsungNX2000_0098.PNG
1.21937416778,1.0,3.43846803717
SamsungNX2000_0099.PNG
2.52556683427,1.0,1.74880115615
SamsungNX2000_0100.PNG
2.45916567071,1.0,1.5355366027
SamsungNX2000_0101.PNG
2.41549037953,1.0,1.7826478535
SamsungNX2000_0102.PNG
2.48514595712,1.0,1.52941176471
SamsungNX2000_0103.PNG
2.499355232,1.0,1.57738976028
SamsungNX2000_0104.PNG
2.62815066553,1.0,1.46665261827
SamsungNX2000_0105.PNG
2.53526370217,1.0,1.52235469449
SamsungNX2000_0106.PNG
2.40202106614,1.0,1.57991911377
SamsungNX2000_0107.PNG
2.63573543929,1.0,1.53325889297
SamsungNX2000_0108.PNG
2.45205248991,1.0,1.7169277889
SamsungNX2000_0109.PNG
2.56093879707,1.0,2.05666666667
SamsungNX2000_0110.PNG
2.61161658908,1.0,2.05836981447
SamsungNX2000_0111.PNG
2.06859998486,1.0,2.06680031774
SamsungNX2000_0112.PNG
2.81085581086,1.0,1.40922902267
SamsungNX2000_0113.PNG
2.4491133048,1.0,1.60686651
SamsungNX2000_0114.PNG
1.37246612057,1.0,2.97821100917
SamsungNX2000_0115.PNG
1.43868092692,1.0,2.92205206184
SamsungNX2000_0116.PNG
1.54526683609,1.0,2.91636690647
SamsungNX2000_0117.PNG
2.82964502359,1.0,1.64288276537
SamsungNX2000_0118.PNG
2.3263503216,1.0,1.62827698427
SamsungNX2000_0119.PNG
2.54055073557,1.0,1.53124733566
SamsungNX2000_0120.PNG
1.80962032158,1.0,2.90205850488
SamsungNX2000_0121.PNG
1.35478320716,1.0,2.93795007649
SamsungNX2000_0122.PNG
1.91292400559,1.0,2.13424134292
SamsungNX2000_0123.PNG
2.72873486481,1.0,1.35401294986
SamsungNX2000_0124.PNG
2.35704171659,1.0,1.5598925952
SamsungNX2000_0125.PNG
1.64946025515,1.0,2.96270182613
SamsungNX2000_0126.PNG
1.78502447414,1.0,2.7700677479
SamsungNX2000_0127.PNG
1.38969771875,1.0,3.4004818289
SamsungNX2000_0128.PNG
1.36434478372,1.0,3.51367955439
SamsungNX2000_0129.PNG
1.36288462375,1.0,3.17033662364
SamsungNX2000_0130.PNG
1.42415560917,1.0,2.76096933555
SamsungNX2000_0131.PNG
1.7158203125,1.0,2.31722864554
SamsungNX2000_0132.PNG
1.30227913534,1.0,3.43987587277
SamsungNX2000_0133.PNG
1.3698630137,1.0,3.33625255432
SamsungNX2000_0134.PNG
1.23555555556,1.0,3.6040070713
SamsungNX2000_0135.PNG
1.34906900663,1.0,3.46587070929
SamsungNX2000_0136.PNG
1.3323790438,1.0,3.35085319317
SamsungNX2000_0137.PNG
2.49619197777,1.0,1.62735191638
SamsungNX2000_0138.PNG
2.54032492867,1.0,1.54588944011
SamsungNX2000_0139.PNG
2.46667453108,1.0,1.62470862471
SamsungNX2000_0140.PNG
2.47607065325,1.0,1.60797821211
SamsungNX2000_0141.PNG
2.55898527586,1.0,1.64794364052
SamsungNX2000_0142.PNG
2.56639896745,1.0,1.68634564644
SamsungNX2000_0143.PNG
2.60705882353,1.0,1.49158626879
SamsungNX2000_0144.PNG
2.60819208001,1.0,1.57073105922
SamsungNX2000_0145.PNG
2.62685179315,1.0,1.50675798533
SamsungNX2000_0146.PNG
2.60083837913,1.0,1.57579862287
SamsungNX2000_0147.PNG
2.48972324772,1.0,1.63244635193
SamsungNX2000_0148.PNG
2.53154831199,1.0,1.56626332469
SamsungNX2000_0149.PNG
2.49042252733,1.0,1.70776605944
SamsungNX2000_0150.PNG
2.50061524831,1.0,1.60648221344
SamsungNX2000_0151.PNG
2.41388016158,1.0,1.59748264211
SamsungNX2000_0152.PNG
2.45853960396,1.0,1.61111111111
SamsungNX2000_0153.PNG
2.45831900997,1.0,1.62473020561
SamsungNX2000_0154.PNG
1.49321821132,1.0,1.78103202717
SamsungNX2000_0155.PNG
1.57005911487,1.0,1.77607084764
SamsungNX2000_0156.PNG
2.52926870178,1.0,1.60693734015
SamsungNX2000_0157.PNG
0.926312594841,1.0,2.89143615006
SamsungNX2000_0158.PNG
1.41406316506,1.0,2.96149046176
SamsungNX2000_0159.PNG
1.44005739678,1.0,2.38544701733
SamsungNX2000_0160.PNG
2.3986265533,1.0,1.57133676093
SamsungNX2000_0161.PNG
2.54482527632,1.0,1.54389054457
SamsungNX2000_0162.PNG
2.73551737915,1.0,1.41408508881
SamsungNX2000_0163.PNG
2.46914664676,1.0,1.64684515789
SamsungNX2000_0164.PNG
2.41341251905,1.0,1.55740206885
SamsungNX2000_0165.PNG
2.39774731213,1.0,1.69118630467
SamsungNX2000_0166.PNG
2.37003519356,1.0,1.59388683201
SamsungNX2000_0167.PNG
2.66550797914,1.0,1.50591385851
SamsungNX2000_0168.PNG
2.56887824525,1.0,1.61019377729
SamsungNX2000_0169.PNG
2.55813953488,1.0,1.60155346224
SamsungNX2000_0170.PNG
1.47120730739,1.0,3.29532987398
SamsungNX2000_0171.PNG
2.32493557274,1.0,1.82526947361
SamsungNX2000_0172.PNG
2.47326277036,1.0,1.4817755721
SamsungNX2000_0173.PNG
2.33474205771,1.0,1.89216959962
SamsungNX2000_0174.PNG
2.23238550579,1.0,1.96685511584
SamsungNX2000_0175.PNG
2.18638762735,1.0,2.02771927827
SamsungNX2000_0176.PNG
2.48430088096,1.0,1.57262561844
SamsungNX2000_0177.PNG
2.60211361273,1.0,1.50869321368
SamsungNX2000_0178.PNG
2.46984058595,1.0,1.68809815951
SamsungNX2000_0179.PNG
2.63284275755,1.0,1.5483269836
SamsungNX2000_0180.PNG
2.43793308256,1.0,1.59710513346
SamsungNX2000_0181.PNG
2.51257457013,1.0,1.57524200645
SamsungNX2000_0182.PNG
2.29492499202,1.0,1.66655629139
SamsungNX2000_0183.PNG
2.38713082489,1.0,1.69212782541
SamsungNX2000_0184.PNG
2.42642418679,1.0,1.63997673517
SamsungNX2000_0185.PNG
2.59322597501,1.0,1.62639654402
SamsungNX2000_0186.PNG
2.65419258984,1.0,1.55816615787
SamsungNX2000_0187.PNG
2.55977161889,1.0,1.54642138546
SamsungNX2000_0188.PNG
2.50889221094,1.0,1.67386992858
SamsungNX2000_0189.PNG
2.69798813816,1.0,1.48775169937
SamsungNX2000_0190.PNG
2.59633413462,1.0,1.44869559386
SamsungNX2000_0191.PNG
2.75859323159,1.0,1.41980874317
SamsungNX2000_0192.PNG
2.45674656284,1.0,1.61090102596
SamsungNX2000_0193.PNG
2.49509008624,1.0,1.97699594046
SamsungNX2000_0194.PNG
2.41818669528,1.0,1.63784019476
SamsungNX2000_0195.PNG
2.42875919349,1.0,1.66987117862
SamsungNX2000_0196.PNG
2.47164179104,1.0,1.64820496007
SamsungNX2000_0197.PNG
2.56411430665,1.0,1.60646142369
SamsungNX2000_0198.PNG
2.43151732273,1.0,1.62520075923
SamsungNX2000_0199.PNG
2.42988946743,1.0,1.68212478921
SamsungNX2000_0200.PNG
2.38065936913,1.0,1.67689394803
SamsungNX2000_0201.PNG
2.45221553701,1.0,1.66335963923
SamsungNX2000_0202.PNG
2.30939454739,1.0,1.70552601761
