PanasonicGX1_0002.PNG
2.29523252901,1.0,1.5756591517
PanasonicGX1_0004.PNG
2.78158495871,1.0,1.35333846285
PanasonicGX1_0005.PNG
2.3780929262,1.0,1.52902519168
PanasonicGX1_0011.PNG
2.36900647948,1.0,1.52034097997
PanasonicGX1_0012.PNG
2.36790407804,1.0,1.50830636462
PanasonicGX1_0013.PNG
2.41862598922,1.0,1.43358259687
PanasonicGX1_0014.PNG
2.37765283497,1.0,1.47579257803
PanasonicGX1_0015.PNG
2.33333333333,1.0,1.47237446304
PanasonicGX1_0016.PNG
2.35025786301,1.0,1.45537963296
PanasonicGX1_0017.PNG
2.37579520196,1.0,1.46267459419
PanasonicGX1_0019.PNG
2.27619598208,1.0,1.49648422653
PanasonicGX1_0022.PNG
2.34274628153,1.0,1.4764298329
PanasonicGX1_0023.PNG
2.13804074268,1.0,1.6114889048
PanasonicGX1_0025.PNG
2.31080243894,1.0,1.54367240253
PanasonicGX1_0026.PNG
2.48249676272,1.0,1.55484074945
PanasonicGX1_0031.PNG
2.39420397548,1.0,1.50174784433
PanasonicGX1_0034.PNG
1.29848130841,1.0,3.12
PanasonicGX1_0035.PNG
1.22059304481,1.0,3.11749965196
PanasonicGX1_0036.PNG
1.2764290212,1.0,2.90347736134
PanasonicGX1_0037.PNG
2.36393725381,1.0,1.47756410256
PanasonicGX1_0039.PNG
2.50281716593,1.0,1.4512659951
PanasonicGX1_0040.PNG
2.28797031822,1.0,1.51515151515
PanasonicGX1_0041.PNG
2.39721410919,1.0,1.47702104097
PanasonicGX1_0042.PNG
2.22209663747,1.0,1.53419953958
PanasonicGX1_0043.PNG
2.3082349923,1.0,1.54106362936
PanasonicGX1_0044.PNG
2.06473789745,1.0,1.64923921748
PanasonicGX1_0045.PNG
2.30075939249,1.0,1.4893919793
PanasonicGX1_0047.PNG
1.15787659428,1.0,3.74972091985
PanasonicGX1_0048.PNG
1.04350791053,1.0,3.58814425737
PanasonicGX1_0050.PNG
2.03207628955,1.0,1.95605006954
PanasonicGX1_0051.PNG
1.79248409332,1.0,2.03698124576
PanasonicGX1_0053.PNG
1.20068980384,1.0,3.42389968035
PanasonicGX1_0055.PNG
2.47472059606,1.0,1.47030923923
PanasonicGX1_0057.PNG
2.55372635663,1.0,1.46641808364
PanasonicGX1_0058.PNG
2.45558375635,1.0,1.44640454478
PanasonicGX1_0059.PNG
2.29844384974,1.0,1.52218721281
PanasonicGX1_0061.PNG
3.02621770707,1.0,1.32658015125
PanasonicGX1_0066.PNG
2.33623355145,1.0,1.48797801695
PanasonicGX1_0067.PNG
1.89028707151,1.0,1.90337119993
PanasonicGX1_0069.PNG
2.27833894501,1.0,1.486000122
PanasonicGX1_0070.PNG
2.53520958084,1.0,1.47622036262
PanasonicGX1_0071.PNG
2.00919292724,1.0,1.82166322508
PanasonicGX1_0072.PNG
2.36402682984,1.0,1.55986489634
PanasonicGX1_0073.PNG
2.37745901639,1.0,1.55673035638
PanasonicGX1_0074.PNG
2.24600078034,1.0,1.62889077533
PanasonicGX1_0075.PNG
2.11178553364,1.0,1.67133706966
PanasonicGX1_0076.PNG
2.43948722274,1.0,1.51241830065
PanasonicGX1_0077.PNG
2.62068635886,1.0,1.45429950666
PanasonicGX1_0078.PNG
2.49210233593,1.0,1.43910585817
PanasonicGX1_0079.PNG
2.38548601864,1.0,1.47055202134
PanasonicGX1_0080.PNG
2.55713282895,1.0,1.48314860891
PanasonicGX1_0081.PNG
2.68537947949,1.0,1.30223338179
PanasonicGX1_0082.PNG
1.99380654563,1.0,1.77185409022
PanasonicGX1_0083.PNG
2.18058461734,1.0,1.7199299825
PanasonicGX1_0084.PNG
1.85765799962,1.0,1.85413904149
PanasonicGX1_0085.PNG
2.20573322933,1.0,1.57791211346
PanasonicGX1_0086.PNG
2.30182674822,1.0,1.64449693659
PanasonicGX1_0087.PNG
2.91182058292,1.0,1.25717715315
PanasonicGX1_0088.PNG
1.14787213179,1.0,3.42721630167
PanasonicGX1_0089.PNG
2.67280832095,1.0,1.54006849315
PanasonicGX1_0090.PNG
1.09128535295,1.0,3.07582631238
PanasonicGX1_0091.PNG
1.27144866385,1.0,2.74077817079
PanasonicGX1_0092.PNG
1.15487598647,1.0,3.31781376518
PanasonicGX1_0093.PNG
1.20626127287,1.0,2.88482869115
PanasonicGX1_0094.PNG
1.12038303694,1.0,3.22806326058
PanasonicGX1_0095.PNG
1.41911853008,1.0,2.53170794413
PanasonicGX1_0096.PNG
1.21287989429,1.0,2.81721993377
PanasonicGX1_0097.PNG
1.26546427102,1.0,2.77572202166
PanasonicGX1_0098.PNG
2.65169517885,1.0,1.40921713832
PanasonicGX1_0099.PNG
1.27990945662,1.0,2.90687603029
PanasonicGX1_0100.PNG
1.18014440433,1.0,2.98339011925
PanasonicGX1_0101.PNG
2.46784217372,1.0,1.55029961867
PanasonicGX1_0102.PNG
2.49789896349,1.0,1.45273847992
PanasonicGX1_0103.PNG
2.44552331489,1.0,1.49854711499
PanasonicGX1_0104.PNG
2.52227900494,1.0,1.48041646009
PanasonicGX1_0105.PNG
2.30393176617,1.0,1.49830890643
PanasonicGX1_0106.PNG
2.42324339258,1.0,1.54824664627
PanasonicGX1_0107.PNG
2.47440273038,1.0,1.50900374181
PanasonicGX1_0108.PNG
2.38960392519,1.0,1.51162790698
PanasonicGX1_0109.PNG
2.32988481229,1.0,1.44191419142
PanasonicGX1_0110.PNG
2.27494334958,1.0,1.54726321689
PanasonicGX1_0111.PNG
2.41793159279,1.0,1.79636126704
PanasonicGX1_0112.PNG
2.35595633602,1.0,1.67816091954
PanasonicGX1_0113.PNG
2.04125590258,1.0,1.86553603876
PanasonicGX1_0114.PNG
2.81060123835,1.0,1.37475233513
PanasonicGX1_0115.PNG
2.34401867562,1.0,1.50303030303
PanasonicGX1_0116.PNG
1.36062853182,1.0,2.6573397883
PanasonicGX1_0117.PNG
1.4680121356,1.0,2.47861915367
PanasonicGX1_0118.PNG
1.44906226557,1.0,2.51176822449
PanasonicGX1_0119.PNG
2.63131144252,1.0,1.4588261466
PanasonicGX1_0120.PNG
2.29149694501,1.0,1.48433377309
PanasonicGX1_0121.PNG
2.49800070151,1.0,1.48649551242
PanasonicGX1_0122.PNG
1.63900955691,1.0,2.43576500968
PanasonicGX1_0123.PNG
1.25552740673,1.0,2.5550113655
PanasonicGX1_0124.PNG
1.87798835086,1.0,2.03931841782
PanasonicGX1_0125.PNG
2.79775793172,1.0,1.36063649407
PanasonicGX1_0126.PNG
2.51398038597,1.0,1.49305213364
PanasonicGX1_0127.PNG
1.47514116513,1.0,2.62588869821
PanasonicGX1_0128.PNG
1.72226481218,1.0,2.39506548888
PanasonicGX1_0129.PNG
1.4029652578,1.0,2.84982244797
PanasonicGX1_0130.PNG
1.29343897693,1.0,2.97636183348
PanasonicGX1_0131.PNG
1.29518292238,1.0,2.78790736666
PanasonicGX1_0132.PNG
1.44264178033,1.0,2.4671593783
PanasonicGX1_0133.PNG
1.66269090909,1.0,2.16005291005
PanasonicGX1_0134.PNG
1.3605870021,1.0,3.09224318658
PanasonicGX1_0135.PNG
1.33678541839,1.0,2.94873747373
PanasonicGX1_0136.PNG
1.23384874895,1.0,3.27766990291
PanasonicGX1_0137.PNG
1.34905604545,1.0,3.282926478
PanasonicGX1_0138.PNG
1.22554959321,1.0,2.97179314976
PanasonicGX1_0139.PNG
2.4719792679,1.0,1.50246111439
PanasonicGX1_0140.PNG
2.47271788822,1.0,1.49532918645
PanasonicGX1_0141.PNG
2.35458538533,1.0,1.52763385147
PanasonicGX1_0142.PNG
2.47742261645,1.0,1.50215967675
PanasonicGX1_0143.PNG
2.36040739035,1.0,1.47066326531
PanasonicGX1_0144.PNG
2.50311286897,1.0,1.61210434454
PanasonicGX1_0145.PNG
2.52219965755,1.0,1.47576887232
PanasonicGX1_0146.PNG
2.5091177082,1.0,1.52061383417
PanasonicGX1_0147.PNG
2.53897345393,1.0,1.47176044331
PanasonicGX1_0148.PNG
2.50696699602,1.0,1.45365918803
PanasonicGX1_0149.PNG
2.28219218773,1.0,1.49358475894
PanasonicGX1_0150.PNG
2.44727361757,1.0,1.49508547009
PanasonicGX1_0151.PNG
2.38047855958,1.0,1.5219630415
PanasonicGX1_0152.PNG
2.5308994855,1.0,1.45897727273
PanasonicGX1_0153.PNG
2.33850093432,1.0,1.55702502189
PanasonicGX1_0154.PNG
2.38722952043,1.0,1.53794610342
PanasonicGX1_0155.PNG
2.42706588498,1.0,1.50965921424
PanasonicGX1_0156.PNG
1.51643960036,1.0,1.5694679451
PanasonicGX1_0157.PNG
1.5217837257,1.0,1.70611105027
PanasonicGX1_0158.PNG
2.37022819364,1.0,1.45423617926
PanasonicGX1_0159.PNG
0.904252485795,1.0,2.87725988701
PanasonicGX1_0160.PNG
1.40018845067,1.0,2.63976652709
PanasonicGX1_0161.PNG
1.42528872959,1.0,2.18092626447
PanasonicGX1_0162.PNG
2.29143458349,1.0,1.51307723743
PanasonicGX1_0163.PNG
2.56489940258,1.0,1.41105379514
PanasonicGX1_0164.PNG
2.72636626941,1.0,1.35616438356
PanasonicGX1_0165.PNG
2.24152785755,1.0,1.55944055944
PanasonicGX1_0166.PNG
2.32711812314,1.0,1.48043145306
PanasonicGX1_0167.PNG
2.38298313161,1.0,1.5286299701
PanasonicGX1_0168.PNG
2.27334623378,1.0,1.5272026962
PanasonicGX1_0169.PNG
2.53893008475,1.0,1.36269307306
PanasonicGX1_0170.PNG
2.47025832767,1.0,1.48210461915
PanasonicGX1_0171.PNG
2.32496789198,1.0,1.47079490558
PanasonicGX1_0172.PNG
1.39659978798,1.0,2.97432895727
PanasonicGX1_0173.PNG
2.28998427649,1.0,1.58707151926
PanasonicGX1_0174.PNG
2.40185867649,1.0,1.41450679416
PanasonicGX1_0175.PNG
2.12552636856,1.0,1.63782447466
PanasonicGX1_0176.PNG
2.12342507645,1.0,1.72588983893
PanasonicGX1_0177.PNG
2.06127150448,1.0,1.86530152486
PanasonicGX1_0178.PNG
2.4665696163,1.0,1.46988474408
PanasonicGX1_0179.PNG
2.59879306989,1.0,1.45266594124
PanasonicGX1_0180.PNG
2.37311241611,1.0,1.54735042735
PanasonicGX1_0181.PNG
2.56816120907,1.0,1.50209205021
PanasonicGX1_0182.PNG
2.35028976175,1.0,1.54433406917
PanasonicGX1_0183.PNG
2.22008418521,1.0,1.56540173839
PanasonicGX1_0184.PNG
2.18924624364,1.0,1.53393271462
PanasonicGX1_0185.PNG
2.39868685026,1.0,1.51311550851
PanasonicGX1_0186.PNG
2.40427180168,1.0,1.48898255714
PanasonicGX1_0187.PNG
2.4901734104,1.0,1.40793515916
PanasonicGX1_0188.PNG
2.40207184379,1.0,1.4711305856
PanasonicGX1_0189.PNG
2.38092312733,1.0,1.56312598309
PanasonicGX1_0190.PNG
2.59276703801,1.0,1.36242332939
PanasonicGX1_0191.PNG
2.5707239459,1.0,1.38188504961
PanasonicGX1_0192.PNG
2.64611416614,1.0,1.29634044582
PanasonicGX1_0193.PNG
2.45721271394,1.0,1.46672504378
PanasonicGX1_0194.PNG
2.24206162991,1.0,1.74129866974
PanasonicGX1_0195.PNG
2.32540667218,1.0,1.5748762954
PanasonicGX1_0196.PNG
2.30296893882,1.0,1.52421098141
PanasonicGX1_0197.PNG
2.38537628659,1.0,1.51549893843
PanasonicGX1_0198.PNG
2.49747037528,1.0,1.51859447635
PanasonicGX1_0199.PNG
2.3842865566,1.0,1.52906885143
PanasonicGX1_0200.PNG
2.3128870734,1.0,1.52763272411
PanasonicGX1_0201.PNG
2.30066183423,1.0,1.50106925481
PanasonicGX1_0202.PNG
2.42507492507,1.0,1.49672447013
PanasonicGX1_0203.PNG
2.195998446,1.0,1.54529610771
