Canon1DsMkIII_0004.PNG
2.27173357851,1.0,1.49228291504
Canon1DsMkIII_0006.PNG
2.01820824726,1.0,1.49039548023
Canon1DsMkIII_0007.PNG
1.33571650606,1.0,2.89555256065
Canon1DsMkIII_0008.PNG
2.15572738716,1.0,1.40161346896
Canon1DsMkIII_0009.PNG
2.09158739041,1.0,1.63288189894
Canon1DsMkIII_0011.PNG
1.87146321746,1.0,1.63028169014
Canon1DsMkIII_0013.PNG
2.17678360268,1.0,1.48814335759
Canon1DsMkIII_0014.PNG
2.1949825649,1.0,1.39675788955
Canon1DsMkIII_0015.PNG
2.009285943,1.0,1.62144702842
Canon1DsMkIII_0017.PNG
2.14788576489,1.0,1.39838570193
Canon1DsMkIII_0019.PNG
2.20705689278,1.0,1.44166517777
Canon1DsMkIII_0023.PNG
2.40716612378,1.0,1.21801018879
Canon1DsMkIII_0024.PNG
2.10298389226,1.0,1.56218124755
Canon1DsMkIII_0025.PNG
2.50970421829,1.0,1.22011768392
Canon1DsMkIII_0026.PNG
2.0865974221,1.0,1.51954798141
Canon1DsMkIII_0027.PNG
2.27335067392,1.0,1.38450460829
Canon1DsMkIII_0030.PNG
2.40423861852,1.0,1.27771404735
Canon1DsMkIII_0031.PNG
2.18429802025,1.0,1.38882482944
Canon1DsMkIII_0032.PNG
2.06956248033,1.0,1.45632143174
Canon1DsMkIII_0034.PNG
2.31557240737,1.0,1.33525124664
Canon1DsMkIII_0035.PNG
2.10292942743,1.0,1.45920724383
Canon1DsMkIII_0036.PNG
2.2445128556,1.0,1.34587905514
Canon1DsMkIII_0037.PNG
2.02982403817,1.0,1.46966098035
Canon1DsMkIII_0039.PNG
1.58151382824,1.0,2.63393939394
Canon1DsMkIII_0040.PNG
2.21665875653,1.0,1.46790288363
Canon1DsMkIII_0042.PNG
2.27966300023,1.0,1.34711658139
Canon1DsMkIII_0045.PNG
1.90809692671,1.0,1.70594451783
Canon1DsMkIII_0046.PNG
2.23327110856,1.0,1.43314596388
Canon1DsMkIII_0047.PNG
2.1850975754,1.0,1.42705416626
Canon1DsMkIII_0048.PNG
2.19109166832,1.0,1.4087189977
Canon1DsMkIII_0050.PNG
2.17295573609,1.0,1.42985611511
Canon1DsMkIII_0051.PNG
2.14599855804,1.0,1.41334283001
Canon1DsMkIII_0054.PNG
2.15097922205,1.0,1.49568071221
Canon1DsMkIII_0056.PNG
2.15132468235,1.0,1.43596336897
Canon1DsMkIII_0057.PNG
2.09462169553,1.0,1.41507574824
Canon1DsMkIII_0058.PNG
2.15578872488,1.0,1.42427446834
Canon1DsMkIII_0059.PNG
2.04937255709,1.0,1.5192151281
Canon1DsMkIII_0060.PNG
2.14215057703,1.0,1.42441836859
Canon1DsMkIII_0061.PNG
2.06131578947,1.0,1.51187029531
Canon1DsMkIII_0062.PNG
2.10537151413,1.0,1.45929817734
Canon1DsMkIII_0063.PNG
2.18049234588,1.0,1.42026544499
Canon1DsMkIII_0064.PNG
1.43508442777,1.0,1.4109942815
Canon1DsMkIII_0067.PNG
0.85393258427,1.0,2.82494004796
Canon1DsMkIII_0068.PNG
1.29952895539,1.0,2.83726557774
Canon1DsMkIII_0069.PNG
1.34594903005,1.0,2.19714374418
Canon1DsMkIII_0073.PNG
2.08728848535,1.0,1.48487962419
Canon1DsMkIII_0075.PNG
2.07776560789,1.0,1.47168347556
Canon1DsMkIII_0076.PNG
1.93273883589,1.0,1.53057425959
Canon1DsMkIII_0077.PNG
2.29667030568,1.0,1.2740348221
Canon1DsMkIII_0078.PNG
2.23510773131,1.0,1.44312602291
Canon1DsMkIII_0079.PNG
2.12339238049,1.0,1.40277332478
Canon1DsMkIII_0081.PNG
2.19273801984,1.0,1.34791071892
Canon1DsMkIII_0082.PNG
1.94377990431,1.0,1.62744116174
Canon1DsMkIII_0083.PNG
1.88833333333,1.0,1.74106799846
Canon1DsMkIII_0085.PNG
2.25891872012,1.0,1.3431008091
Canon1DsMkIII_0086.PNG
2.27083569566,1.0,1.33053184068
Canon1DsMkIII_0087.PNG
2.25340678458,1.0,1.40137035701
Canon1DsMkIII_0088.PNG
2.12699412259,1.0,1.42980104417
Canon1DsMkIII_0089.PNG
2.09347553325,1.0,1.48026023954
Canon1DsMkIII_0090.PNG
2.01132603716,1.0,1.53327512612
Canon1DsMkIII_0091.PNG
2.03875752064,1.0,1.47449908925
Canon1DsMkIII_0092.PNG
2.07195504634,1.0,1.49337260677
Canon1DsMkIII_0093.PNG
2.1855078623,1.0,1.41141759297
Canon1DsMkIII_0094.PNG
2.22635962763,1.0,1.34557299378
Canon1DsMkIII_0096.PNG
2.19055469872,1.0,1.46930403453
Canon1DsMkIII_0097.PNG
2.31969256336,1.0,1.26342585609
Canon1DsMkIII_0098.PNG
2.33259619637,1.0,1.25511661114
Canon1DsMkIII_0099.PNG
2.49110022697,1.0,1.15920840514
Canon1DsMkIII_0103.PNG
2.16165311653,1.0,1.4201905101
Canon1DsMkIII_0104.PNG
2.15207002814,1.0,1.38020221694
Canon1DsMkIII_0105.PNG
2.10433779105,1.0,1.44261913626
Canon1DsMkIII_0107.PNG
2.09105180534,1.0,1.46480938416
Canon1DsMkIII_0108.PNG
2.16385068762,1.0,1.42281358998
Canon1DsMkIII_0109.PNG
1.99457027614,1.0,1.50585617241
Canon1DsMkIII_0110.PNG
2.11447315571,1.0,1.50883729818
Canon1DsMkIII_0111.PNG
2.16790553256,1.0,1.47487517603
Canon1DsMkIII_0112.PNG
2.101728535,1.0,1.52801812938
Canon1DsMkIII_0113.PNG
2.09937888199,1.0,1.53149071137
Canon1DsMkIII_0114.PNG
2.08265170249,1.0,1.50816171913
Canon1DsMkIII_0115.PNG
2.23766285038,1.0,1.38345130583
Canon1DsMkIII_0116.PNG
2.37582260372,1.0,1.31853910282
Canon1DsMkIII_0117.PNG
2.18052893829,1.0,1.40434460627
Canon1DsMkIII_0118.PNG
1.38092147956,1.0,3.20844327177
Canon1DsMkIII_0119.PNG
1.22354211663,1.0,3.69657422512
Canon1DsMkIII_0120.PNG
2.16477118874,1.0,1.40921910806
Canon1DsMkIII_0121.PNG
2.09917355372,1.0,1.43043013885
Canon1DsMkIII_0122.PNG
2.16644346662,1.0,1.38562251453
Canon1DsMkIII_0123.PNG
2.0757795504,1.0,1.42483822797
Canon1DsMkIII_0124.PNG
2.17846153846,1.0,1.40708843988
Canon1DsMkIII_0125.PNG
2.02078032231,1.0,1.46977174584
Canon1DsMkIII_0126.PNG
2.08003597122,1.0,1.47184218899
Canon1DsMkIII_0127.PNG
1.9020979021,1.0,1.61264822134
Canon1DsMkIII_0128.PNG
2.09680923286,1.0,1.44125058329
Canon1DsMkIII_0129.PNG
2.17140482128,1.0,1.42883710754
Canon1DsMkIII_0130.PNG
1.14435916307,1.0,4.62755102041
Canon1DsMkIII_0131.PNG
1.00152033447,1.0,4.25514735567
Canon1DsMkIII_0132.PNG
2.3249551167,1.0,1.59482758621
Canon1DsMkIII_0133.PNG
1.85714285714,1.0,1.99496855346
Canon1DsMkIII_0134.PNG
1.71171171171,1.0,2.1018922853
Canon1DsMkIII_0135.PNG
2.29008438819,1.0,1.62896267117
Canon1DsMkIII_0136.PNG
1.13685847589,1.0,4.10674157303
Canon1DsMkIII_0137.PNG
2.2010641277,1.0,1.70795306389
Canon1DsMkIII_0138.PNG
2.18379753994,1.0,1.37984634626
Canon1DsMkIII_0139.PNG
2.19434508602,1.0,1.40506053005
Canon1DsMkIII_0140.PNG
2.26332192306,1.0,1.32575190783
Canon1DsMkIII_0141.PNG
2.19894616918,1.0,1.39045475011
Canon1DsMkIII_0142.PNG
2.08150789608,1.0,1.45980707395
Canon1DsMkIII_0143.PNG
2.31412337662,1.0,1.31929662193
Canon1DsMkIII_0144.PNG
2.51695264242,1.0,1.16678332803
Canon1DsMkIII_0145.PNG
2.36855249256,1.0,1.31039430333
Canon1DsMkIII_0146.PNG
1.64822330001,1.0,2.25575724736
Canon1DsMkIII_0147.PNG
1.84520738242,1.0,1.69547775346
Canon1DsMkIII_0148.PNG
1.85151515152,1.0,1.71131339402
Canon1DsMkIII_0149.PNG
2.10651902682,1.0,1.41701636593
Canon1DsMkIII_0150.PNG
1.7328866555,1.0,1.94290722424
Canon1DsMkIII_0151.PNG
1.81406011207,1.0,1.84364483562
Canon1DsMkIII_0152.PNG
2.18161865569,1.0,1.38271604938
Canon1DsMkIII_0153.PNG
2.21638655462,1.0,1.38269986894
Canon1DsMkIII_0154.PNG
1.90901797176,1.0,1.73173216885
Canon1DsMkIII_0155.PNG
2.1403070332,1.0,1.51121754474
Canon1DsMkIII_0156.PNG
2.16718266254,1.0,1.46545708304
Canon1DsMkIII_0157.PNG
2.03549706956,1.0,1.68408051235
Canon1DsMkIII_0158.PNG
2.01493492639,1.0,1.59284870973
Canon1DsMkIII_0159.PNG
2.19965724079,1.0,1.50881661442
Canon1DsMkIII_0160.PNG
2.3150112504,1.0,1.31856462834
Canon1DsMkIII_0161.PNG
2.24452191235,1.0,1.40777760425
Canon1DsMkIII_0162.PNG
2.25483117435,1.0,1.401531151
Canon1DsMkIII_0163.PNG
2.1864697067,1.0,1.36034276073
Canon1DsMkIII_0164.PNG
2.35522163787,1.0,1.26658585859
Canon1DsMkIII_0165.PNG
1.83859223301,1.0,1.75387821255
Canon1DsMkIII_0166.PNG
2.05865500603,1.0,1.67459830737
Canon1DsMkIII_0167.PNG
1.72917011761,1.0,1.88838639653
Canon1DsMkIII_0168.PNG
2.06328358209,1.0,1.51446099912
Canon1DsMkIII_0169.PNG
1.87960115553,1.0,1.70325958453
Canon1DsMkIII_0170.PNG
2.66141547143,1.0,1.15724363562
Canon1DsMkIII_0171.PNG
1.17581446715,1.0,4.09973045822
Canon1DsMkIII_0172.PNG
2.36221122112,1.0,1.41662543295
Canon1DsMkIII_0173.PNG
0.97849025974,1.0,3.04804045512
Canon1DsMkIII_0174.PNG
1.17785234899,1.0,2.9651531151
Canon1DsMkIII_0175.PNG
1.1285782934,1.0,3.16824050877
Canon1DsMkIII_0176.PNG
1.03119092628,1.0,3.60462555066
Canon1DsMkIII_0177.PNG
1.26034922503,1.0,2.71150193458
Canon1DsMkIII_0178.PNG
1.12126729789,1.0,3.10539586485
Canon1DsMkIII_0179.PNG
1.18638985006,1.0,2.98144927536
Canon1DsMkIII_0180.PNG
2.37391594396,1.0,1.31698741673
Canon1DsMkIII_0181.PNG
1.24202103198,1.0,2.79251395878
Canon1DsMkIII_0182.PNG
1.05217096336,1.0,3.41909171076
Canon1DsMkIII_0183.PNG
1.06241682193,1.0,3.42765135251
Canon1DsMkIII_0184.PNG
2.20540061974,1.0,1.44615384615
Canon1DsMkIII_0185.PNG
2.18651018992,1.0,1.39100068237
Canon1DsMkIII_0186.PNG
2.0858452318,1.0,1.55085190039
Canon1DsMkIII_0187.PNG
2.20993174865,1.0,1.35166258817
Canon1DsMkIII_0188.PNG
2.06231658899,1.0,1.46239059918
Canon1DsMkIII_0189.PNG
2.20199778024,1.0,1.42222222222
Canon1DsMkIII_0190.PNG
2.15856481481,1.0,1.43021472393
Canon1DsMkIII_0191.PNG
2.12183042789,1.0,1.44743243243
Canon1DsMkIII_0192.PNG
2.18163522013,1.0,1.38818632944
Canon1DsMkIII_0193.PNG
2.00944081336,1.0,1.54537838593
Canon1DsMkIII_0194.PNG
2.22357263991,1.0,1.85367577757
Canon1DsMkIII_0195.PNG
2.21859683518,1.0,1.72901888028
Canon1DsMkIII_0196.PNG
1.83204134367,1.0,1.88940706196
Canon1DsMkIII_0197.PNG
2.53794056669,1.0,1.25286572052
Canon1DsMkIII_0198.PNG
2.25906735751,1.0,1.30765588003
Canon1DsMkIII_0199.PNG
1.23704285394,1.0,2.83397584169
Canon1DsMkIII_0200.PNG
1.31820717872,1.0,2.7487073423
Canon1DsMkIII_0201.PNG
1.35440751445,1.0,2.7722455016
Canon1DsMkIII_0202.PNG
2.37048253584,1.0,1.37385911538
Canon1DsMkIII_0203.PNG
2.0803469999,1.0,1.41689526623
Canon1DsMkIII_0204.PNG
2.18859041817,1.0,1.34978650726
Canon1DsMkIII_0205.PNG
1.51783466219,1.0,2.72569706104
Canon1DsMkIII_0206.PNG
1.28772970627,1.0,2.86019604692
Canon1DsMkIII_0207.PNG
1.6576433121,1.0,2.0562962963
Canon1DsMkIII_0208.PNG
2.34060776722,1.0,1.28504251482
Canon1DsMkIII_0209.PNG
2.10243435449,1.0,1.45701829211
Canon1DsMkIII_0210.PNG
1.50804992764,1.0,2.98158082976
Canon1DsMkIII_0211.PNG
1.55536818437,1.0,2.63775023832
Canon1DsMkIII_0212.PNG
1.32294198457,1.0,3.31892895016
Canon1DsMkIII_0213.PNG
1.29979950466,1.0,3.40259339302
Canon1DsMkIII_0214.PNG
1.27693646649,1.0,3.02017291066
Canon1DsMkIII_0215.PNG
1.32728383213,1.0,2.56180532166
Canon1DsMkIII_0216.PNG
1.55296207028,1.0,2.13312423767
Canon1DsMkIII_0217.PNG
1.21388821679,1.0,3.46957123098
Canon1DsMkIII_0218.PNG
1.30188062142,1.0,3.44731524249
Canon1DsMkIII_0219.PNG
1.14252631579,1.0,3.83804809052
Canon1DsMkIII_0220.PNG
1.21333644206,1.0,3.72645900465
Canon1DsMkIII_0221.PNG
1.24478095594,1.0,3.34141853463
Canon1DsMkIII_0222.PNG
2.05823321555,1.0,1.4495321521
Canon1DsMkIII_0223.PNG
2.11579053171,1.0,1.43892268781
Canon1DsMkIII_0224.PNG
2.19706911636,1.0,1.33488372093
Canon1DsMkIII_0225.PNG
2.08020096762,1.0,1.41727591599
Canon1DsMkIII_0226.PNG
2.12581679933,1.0,1.38974757282
Canon1DsMkIII_0227.PNG
2.13573152511,1.0,1.46357407262
Canon1DsMkIII_0228.PNG
2.08370128624,1.0,1.47633297062
Canon1DsMkIII_0229.PNG
2.1856499594,1.0,1.40975098795
Canon1DsMkIII_0230.PNG
2.17844318666,1.0,1.36895246109
Canon1DsMkIII_0231.PNG
2.03033707865,1.0,1.47725547445
Canon1DsMkIII_0232.PNG
2.14869482028,1.0,1.41876099806
Canon1DsMkIII_0233.PNG
2.06242472902,1.0,1.51772525849
Canon1DsMkIII_0234.PNG
2.1029988466,1.0,1.39909453653
Canon1DsMkIII_0235.PNG
1.85505176723,1.0,1.83799080297
Canon1DsMkIII_0236.PNG
2.05869485964,1.0,1.50186170213
Canon1DsMkIII_0237.PNG
2.07456248459,1.0,1.53236231224
Canon1DsMkIII_0238.PNG
2.33944954128,1.0,1.282212445
Canon1DsMkIII_0239.PNG
2.02898144907,1.0,1.55326902465
Canon1DsMkIII_0240.PNG
2.01103955842,1.0,1.52306191648
Canon1DsMkIII_0241.PNG
1.89268415424,1.0,1.72345056708
Canon1DsMkIII_0242.PNG
1.77644841432,1.0,1.93899821109
Canon1DsMkIII_0243.PNG
2.09084924292,1.0,1.47003008563
Canon1DsMkIII_0244.PNG
2.29329962073,1.0,1.32650822669
Canon1DsMkIII_0245.PNG
2.13954953536,1.0,1.42951854775
Canon1DsMkIII_0246.PNG
2.1940336563,1.0,1.47548010974
Canon1DsMkIII_0247.PNG
2.17907334212,1.0,1.43693889372
Canon1DsMkIII_0248.PNG
2.09118429981,1.0,1.44212079764
Canon1DsMkIII_0249.PNG
2.19837356173,1.0,1.41447258558
Canon1DsMkIII_0250.PNG
2.16159739958,1.0,1.40985840842
