SonyA57_0001.PNG
2.0701754386,1.0,2.70500897373
SonyA57_0002.PNG
2.81202645821,1.0,1.54163644755
SonyA57_0003.PNG
3.04993705413,1.0,1.52624947501
SonyA57_0005.PNG
2.90962233674,1.0,1.38154194514
SonyA57_0008.PNG
2.97990325245,1.0,1.34774101743
SonyA57_0011.PNG
3.00246246723,1.0,1.66218117854
SonyA57_0014.PNG
2.78139875503,1.0,1.54289892753
SonyA57_0016.PNG
2.81294291487,1.0,1.47454947834
SonyA57_0017.PNG
2.64187418087,1.0,1.65723485887
SonyA57_0018.PNG
2.87982946976,1.0,1.48661659927
SonyA57_0019.PNG
2.86624381404,1.0,1.48723327306
SonyA57_0020.PNG
2.83808044191,1.0,1.50132407999
SonyA57_0022.PNG
2.91572041383,1.0,1.53827379632
SonyA57_0023.PNG
2.89393351442,1.0,1.48885339722
SonyA57_0024.PNG
2.17572692794,1.0,2.58796992481
SonyA57_0025.PNG
2.6433915212,1.0,1.5895720383
SonyA57_0026.PNG
2.85006221485,1.0,1.51154861417
SonyA57_0027.PNG
3.21154907129,1.0,1.30482428831
SonyA57_0032.PNG
3.03111341581,1.0,1.32774118182
SonyA57_0034.PNG
2.99457491082,1.0,1.34788426158
SonyA57_0036.PNG
2.7727608138,1.0,1.53611057037
SonyA57_0039.PNG
2.91829265827,1.0,1.40549225825
SonyA57_0043.PNG
2.85943060498,1.0,1.52949294501
SonyA57_0044.PNG
3.06708175189,1.0,1.38948995363
SonyA57_0045.PNG
2.92463182212,1.0,1.44355758267
SonyA57_0047.PNG
2.48471836322,1.0,1.76006441224
SonyA57_0049.PNG
2.72358305878,1.0,1.54245538129
SonyA57_0051.PNG
2.88225548286,1.0,1.39570301877
SonyA57_0057.PNG
2.75467583108,1.0,1.55040172593
SonyA57_0058.PNG
2.73489883326,1.0,1.57285429142
SonyA57_0059.PNG
2.73848809113,1.0,1.55893102771
SonyA57_0061.PNG
2.92971672033,1.0,1.35275566902
SonyA57_0063.PNG
2.80010418023,1.0,1.43768387269
SonyA57_0064.PNG
2.76103455899,1.0,1.58114608828
SonyA57_0065.PNG
2.7822129374,1.0,1.47712418301
SonyA57_0067.PNG
3.17483756645,1.0,1.30913962126
SonyA57_0069.PNG
2.68206221583,1.0,1.54429818074
SonyA57_0070.PNG
2.47602120553,1.0,1.86682685643
SonyA57_0071.PNG
2.33999933229,1.0,1.98005537036
SonyA57_0072.PNG
2.90459877504,1.0,1.47597193649
SonyA57_0073.PNG
2.91062906725,1.0,1.39022621309
SonyA57_0074.PNG
2.79203967283,1.0,1.5158041958
SonyA57_0076.PNG
2.79467785568,1.0,1.50346015623
SonyA57_0078.PNG
2.80305771666,1.0,1.5162711035
SonyA57_0079.PNG
3.05147261217,1.0,1.43155991736
SonyA57_0081.PNG
2.7698872295,1.0,1.47476605182
SonyA57_0083.PNG
2.92457991403,1.0,1.45801675433
SonyA57_0084.PNG
2.75596916714,1.0,1.50828274514
SonyA57_0086.PNG
3.03306908267,1.0,1.51619112319
SonyA57_0087.PNG
2.80970701391,1.0,1.49042386185
SonyA57_0088.PNG
2.63052897354,1.0,1.64087108691
SonyA57_0090.PNG
2.75967174678,1.0,1.55729028844
SonyA57_0091.PNG
2.80941935143,1.0,1.50289834582
SonyA57_0092.PNG
2.61408723748,1.0,1.62481423465
SonyA57_0093.PNG
2.77956747015,1.0,1.58185897436
SonyA57_0094.PNG
2.76154611955,1.0,1.51706099156
SonyA57_0095.PNG
2.84815265936,1.0,1.51060546244
SonyA57_0096.PNG
2.61709736964,1.0,1.58614179835
SonyA57_0097.PNG
3.00560348006,1.0,1.40811744387
SonyA57_0098.PNG
2.82172834796,1.0,1.47355050807
SonyA57_0099.PNG
1.7071884984,1.0,3.10262737698
SonyA57_0100.PNG
1.54241576775,1.0,3.71575232595
SonyA57_0101.PNG
2.76572543618,1.0,1.46145447929
SonyA57_0102.PNG
2.70743288488,1.0,1.47732934728
SonyA57_0103.PNG
2.78464600169,1.0,1.46378189887
SonyA57_0104.PNG
2.72,1.0,1.49275832954
SonyA57_0105.PNG
2.78472679394,1.0,1.46589963959
SonyA57_0106.PNG
2.69065326633,1.0,1.53491572067
SonyA57_0107.PNG
2.72026386312,1.0,1.533883529
SonyA57_0108.PNG
2.45217391304,1.0,1.6339055794
SonyA57_0109.PNG
2.76783420399,1.0,1.49848158194
SonyA57_0110.PNG
2.8489567113,1.0,1.50188803152
SonyA57_0111.PNG
1.42253118206,1.0,4.32324813076
SonyA57_0112.PNG
1.26337955164,1.0,4.14431455898
SonyA57_0113.PNG
3.12994604317,1.0,1.67842790548
SonyA57_0114.PNG
2.41641104294,1.0,2.0461038961
SonyA57_0115.PNG
2.15391195631,1.0,2.12842187398
SonyA57_0116.PNG
3.03705917513,1.0,1.67431898067
SonyA57_0117.PNG
1.50642494272,1.0,3.99445324881
SonyA57_0118.PNG
2.98752809484,1.0,1.71122049729
SonyA57_0119.PNG
2.88756823384,1.0,1.45712635507
SonyA57_0120.PNG
2.76522584637,1.0,1.45753156595
SonyA57_0121.PNG
2.88474409888,1.0,1.42951907131
SonyA57_0122.PNG
2.79382738202,1.0,1.46541176471
SonyA57_0123.PNG
2.68756319515,1.0,1.52554046298
SonyA57_0124.PNG
2.95893942184,1.0,1.39662215012
SonyA57_0125.PNG
3.44433526222,1.0,1.22972972973
SonyA57_0126.PNG
3.00981505516,1.0,1.38736212376
SonyA57_0127.PNG
2.27614294728,1.0,2.08600567764
SonyA57_0128.PNG
2.35050036612,1.0,1.75175842833
SonyA57_0129.PNG
2.34435995924,1.0,1.75551772717
SonyA57_0130.PNG
2.70099938813,1.0,1.46628529249
SonyA57_0131.PNG
2.23068378178,1.0,1.98560755878
SonyA57_0132.PNG
2.30654798195,1.0,1.93652743653
SonyA57_0133.PNG
2.68370387348,1.0,1.4683972912
SonyA57_0134.PNG
2.93023255814,1.0,1.47261798753
SonyA57_0135.PNG
2.31654978121,1.0,1.96127886323
SonyA57_0136.PNG
2.7933411215,1.0,1.53936779759
SonyA57_0137.PNG
2.86333429645,1.0,1.57114546175
SonyA57_0138.PNG
2.69760696157,1.0,1.64447145936
SonyA57_0139.PNG
2.46669671023,1.0,1.72462032894
SonyA57_0140.PNG
2.76785714286,1.0,1.57560355781
SonyA57_0141.PNG
3.01060177706,1.0,1.44581292731
SonyA57_0142.PNG
2.88474283244,1.0,1.45865811904
SonyA57_0143.PNG
2.84641585385,1.0,1.45623762376
SonyA57_0144.PNG
2.89697283908,1.0,1.39986082116
SonyA57_0145.PNG
3.06289814747,1.0,1.30567781003
SonyA57_0146.PNG
2.37411032028,1.0,1.79959536923
SonyA57_0147.PNG
2.54854115365,1.0,1.79828348778
SonyA57_0148.PNG
2.20221678722,1.0,1.93454013531
SonyA57_0149.PNG
2.60245644818,1.0,1.5879024241
SonyA57_0150.PNG
2.4556422995,1.0,1.73520561685
SonyA57_0151.PNG
3.37132956411,1.0,1.23336113428
SonyA57_0152.PNG
1.42051683634,1.0,3.89270386266
SonyA57_0153.PNG
3.24886672711,1.0,1.56007836308
SonyA57_0154.PNG
1.35289545278,1.0,2.87685950413
SonyA57_0155.PNG
1.5784396683,1.0,2.97511961722
SonyA57_0156.PNG
1.35482233503,1.0,3.44832041344
SonyA57_0157.PNG
1.44976673538,1.0,3.09102475133
SonyA57_0158.PNG
1.33072301357,1.0,3.23041625696
SonyA57_0159.PNG
1.63123844732,1.0,2.89107289107
SonyA57_0160.PNG
1.44128095288,1.0,3.03576144366
SonyA57_0161.PNG
1.51539270161,1.0,2.8285914506
SonyA57_0162.PNG
3.14196642686,1.0,1.38704213424
SonyA57_0163.PNG
1.57092614302,1.0,2.9614769984
SonyA57_0164.PNG
1.61013555145,1.0,2.75107906095
SonyA57_0165.PNG
1.34139301245,1.0,3.23769453493
SonyA57_0166.PNG
2.88564146134,1.0,1.53850335206
SonyA57_0167.PNG
2.73592258232,1.0,1.46853756319
SonyA57_0168.PNG
2.71305907984,1.0,1.6221600705
SonyA57_0169.PNG
2.92855403101,1.0,1.46653927468
SonyA57_0170.PNG
3.02610548748,1.0,1.41286503159
SonyA57_0171.PNG
2.86275209709,1.0,1.46886446886
SonyA57_0172.PNG
2.91869850345,1.0,1.45830707834
SonyA57_0173.PNG
2.87237512742,1.0,1.50467239814
SonyA57_0174.PNG
2.85319979496,1.0,1.45505730947
SonyA57_0175.PNG
2.74312138728,1.0,1.55593442623
SonyA57_0176.PNG
2.83416278696,1.0,1.90380675078
SonyA57_0177.PNG
2.9022461609,1.0,1.78842554995
SonyA57_0178.PNG
2.35645011293,1.0,2.05289351852
SonyA57_0179.PNG
3.27944786697,1.0,1.35658172064
SonyA57_0180.PNG
2.82228606608,1.0,1.40559047473
SonyA57_0181.PNG
1.61152128338,1.0,2.73261205564
SonyA57_0182.PNG
1.75384103389,1.0,2.69726179306
SonyA57_0183.PNG
1.72172535867,1.0,2.77638398558
SonyA57_0184.PNG
3.36746286047,1.0,1.43796255986
SonyA57_0185.PNG
2.69451219512,1.0,1.5093244074
SonyA57_0186.PNG
2.93258886014,1.0,1.46719356817
SonyA57_0187.PNG
2.04968258349,1.0,2.69057971014
SonyA57_0188.PNG
1.5663047055,1.0,2.81717421715
SonyA57_0189.PNG
2.13060951105,1.0,2.07411432297
SonyA57_0190.PNG
3.08579599619,1.0,1.38244714926
SonyA57_0191.PNG
2.72419820641,1.0,1.54604270002
SonyA57_0192.PNG
1.93268141435,1.0,2.90413045426
SonyA57_0193.PNG
2.03724229661,1.0,2.48512709573
SonyA57_0194.PNG
1.84970104022,1.0,3.14395099541
SonyA57_0195.PNG
1.68821067447,1.0,3.38809187542
SonyA57_0196.PNG
1.62772109949,1.0,3.03109874153
SonyA57_0197.PNG
1.73169780244,1.0,2.48875599576
SonyA57_0198.PNG
1.94446348989,1.0,2.14836859477
SonyA57_0199.PNG
1.68634275372,1.0,3.52019761697
SonyA57_0200.PNG
1.66055598118,1.0,3.44359963686
SonyA57_0201.PNG
1.45408352956,1.0,3.5727771011
SonyA57_0202.PNG
1.56209492635,1.0,3.64178876679
SonyA57_0203.PNG
1.51959054006,1.0,3.22955738935
SonyA57_0204.PNG
2.80798719915,1.0,1.49738685249
SonyA57_0205.PNG
2.90285006196,1.0,1.47364227301
SonyA57_0206.PNG
2.73981461522,1.0,1.54466275066
SonyA57_0207.PNG
2.78927003497,1.0,1.52409026225
SonyA57_0208.PNG
2.95392657428,1.0,1.46875
SonyA57_0209.PNG
2.94732719796,1.0,1.65515724654
SonyA57_0210.PNG
2.81118881119,1.0,1.48257422091
SonyA57_0211.PNG
2.79849107304,1.0,1.51102120536
SonyA57_0212.PNG
2.79684134961,1.0,1.46598434678
SonyA57_0213.PNG
2.8169775615,1.0,1.49712643678
SonyA57_0214.PNG
2.73973381868,1.0,1.50020243545
SonyA57_0215.PNG
2.90585559143,1.0,1.4808540872
SonyA57_0216.PNG
2.77586272207,1.0,1.60878155873
SonyA57_0217.PNG
2.91226825157,1.0,1.50458295142
SonyA57_0218.PNG
2.70428807736,1.0,1.54860099096
SonyA57_0219.PNG
2.80553567168,1.0,1.52132284443
SonyA57_0220.PNG
2.79908521091,1.0,1.50489548704
SonyA57_0221.PNG
1.87231270358,1.0,1.56493329703
SonyA57_0222.PNG
1.83034894399,1.0,1.69026923892
SonyA57_0223.PNG
3.00438596491,1.0,1.43893822209
SonyA57_0224.PNG
1.04051040634,1.0,2.6963081862
SonyA57_0225.PNG
1.66458658346,1.0,2.73379451704
SonyA57_0226.PNG
1.70879660754,1.0,2.23686704576
SonyA57_0227.PNG
2.92132916785,1.0,1.46614719437
SonyA57_0228.PNG
3.0587998389,1.0,1.33350891054
SonyA57_0229.PNG
2.63550135501,1.0,1.58646003263
SonyA57_0230.PNG
2.86724620598,1.0,1.48097412481
SonyA57_0231.PNG
2.7051686252,1.0,1.59953677551
SonyA57_0232.PNG
2.63506433631,1.0,1.62757585171
SonyA57_0233.PNG
3.08427318296,1.0,1.3620641948
SonyA57_0234.PNG
2.87994428969,1.0,1.52402712264
SonyA57_0235.PNG
2.8566846292,1.0,1.47768375643
SonyA57_0236.PNG
1.65355694491,1.0,3.24811218986
SonyA57_0237.PNG
2.56478908815,1.0,1.67668428005
SonyA57_0238.PNG
2.91078286558,1.0,1.41518647963
SonyA57_0239.PNG
2.38770840144,1.0,1.71134020619
SonyA57_0240.PNG
2.48985777571,1.0,1.80724318836
SonyA57_0241.PNG
2.33826083085,1.0,1.98920454545
SonyA57_0242.PNG
2.8868740116,1.0,1.44564700913
SonyA57_0243.PNG
2.93467706834,1.0,1.39259612329
SonyA57_0244.PNG
2.94385108331,1.0,1.48529638183
SonyA57_0245.PNG
2.77353780314,1.0,1.48956138671
SonyA57_0246.PNG
2.75728677997,1.0,1.48650441561
SonyA57_0247.PNG
2.70421466837,1.0,1.56836866562
SonyA57_0248.PNG
2.63418397626,1.0,1.58657420646
SonyA57_0249.PNG
2.67255934055,1.0,1.55024915747
SonyA57_0250.PNG
2.72560442761,1.0,1.55658140986
SonyA57_0251.PNG
3.01102217557,1.0,1.47664092664
SonyA57_0252.PNG
3.18557268722,1.0,1.40089599225
SonyA57_0253.PNG
2.87287104623,1.0,1.44421001131
SonyA57_0254.PNG
2.78842658783,1.0,1.50516677567
SonyA57_0255.PNG
2.92750508935,1.0,1.41757940854
SonyA57_0256.PNG
2.98923825566,1.0,1.35968160729
SonyA57_0257.PNG
3.12168141593,1.0,1.23989455185
SonyA57_0258.PNG
2.69310009718,1.0,1.55124157542
SonyA57_0259.PNG
2.79371474617,1.0,1.80497709288
SonyA57_0260.PNG
2.84622275306,1.0,1.55311753204
SonyA57_0261.PNG
2.79702012384,1.0,1.54752027407
SonyA57_0262.PNG
2.7426571507,1.0,1.49104611252
SonyA57_0263.PNG
2.74867798497,1.0,1.5124042879
SonyA57_0264.PNG
2.73645077815,1.0,1.55059892606
SonyA57_0265.PNG
2.78193420618,1.0,1.55566493371
SonyA57_0266.PNG
2.70278734732,1.0,1.54941799575
SonyA57_0267.PNG
2.77625927372,1.0,1.53968311257
SonyA57_0268.PNG
2.71804855703,1.0,1.53122580645
