Canon600D_0001.PNG
1.91757722919,1.0,1.89331379861
Canon600D_0002.PNG
2.12179600495,1.0,1.5750934978
Canon600D_0003.PNG
2.40185240514,1.0,1.32744385733
Canon600D_0004.PNG
2.09808376136,1.0,1.58526755728
Canon600D_0005.PNG
2.10216041718,1.0,1.58255440066
Canon600D_0006.PNG
1.92594913573,1.0,1.76746860922
Canon600D_0007.PNG
1.80814032236,1.0,2.00112426923
Canon600D_0011.PNG
2.19403691434,1.0,1.52474921888
Canon600D_0013.PNG
2.18831365425,1.0,1.52755323083
Canon600D_0014.PNG
2.18944417857,1.0,1.45800136581
Canon600D_0015.PNG
2.18880244512,1.0,1.46449154118
Canon600D_0019.PNG
2.22814498934,1.0,1.41178059984
Canon600D_0020.PNG
2.24398216939,1.0,1.43038454253
Canon600D_0021.PNG
2.47887323944,1.0,1.3618275608
Canon600D_0022.PNG
2.1578125,1.0,1.45675105485
Canon600D_0023.PNG
2.03231815218,1.0,1.63686145075
Canon600D_0028.PNG
2.15400443178,1.0,1.56209825528
Canon600D_0031.PNG
2.30257041291,1.0,1.42382482246
Canon600D_0035.PNG
1.30214797136,1.0,3.32480195003
Canon600D_0036.PNG
2.20639606396,1.0,1.4850976929
Canon600D_0038.PNG
2.23160367581,1.0,1.45893938025
Canon600D_0040.PNG
2.20888671875,1.0,1.47077183172
Canon600D_0041.PNG
2.08056580566,1.0,1.52421716603
Canon600D_0042.PNG
2.12177985948,1.0,1.54081632653
Canon600D_0044.PNG
2.17392780355,1.0,1.48336035827
Canon600D_0045.PNG
2.22646934461,1.0,1.48989870409
Canon600D_0046.PNG
1.2171188323,1.0,3.90010167768
Canon600D_0048.PNG
2.37244258873,1.0,1.68455380966
Canon600D_0049.PNG
1.90110935024,1.0,2.00803481754
Canon600D_0050.PNG
1.76106666667,1.0,2.10541976621
Canon600D_0051.PNG
2.30491132333,1.0,1.68612774451
Canon600D_0052.PNG
1.26973521406,1.0,3.55332409972
Canon600D_0053.PNG
2.24592134639,1.0,1.75885952525
Canon600D_0055.PNG
2.19791937581,1.0,1.46489859594
Canon600D_0056.PNG
2.23221525986,1.0,1.45993043358
Canon600D_0058.PNG
2.17595459236,1.0,1.48957965383
Canon600D_0060.PNG
2.51061802341,1.0,1.27597896776
Canon600D_0061.PNG
2.36948102246,1.0,1.37844536237
Canon600D_0062.PNG
1.69362171098,1.0,2.21593366979
Canon600D_0064.PNG
1.89113406743,1.0,1.7682836217
Canon600D_0065.PNG
2.13164556962,1.0,1.44092261905
Canon600D_0068.PNG
2.12905236908,1.0,1.48091934085
Canon600D_0069.PNG
2.23224618622,1.0,1.43701320691
Canon600D_0070.PNG
1.92218690401,1.0,1.81837863844
Canon600D_0071.PNG
2.18337899543,1.0,1.56547930854
Canon600D_0072.PNG
2.21160069704,1.0,1.53066850448
Canon600D_0075.PNG
2.22370398197,1.0,1.5579681537
Canon600D_0076.PNG
2.30692015209,1.0,1.41294829995
Canon600D_0077.PNG
2.25116588941,1.0,1.49612574718
Canon600D_0078.PNG
2.31133773245,1.0,1.4428009736
Canon600D_0079.PNG
2.29665717284,1.0,1.40850379223
Canon600D_0080.PNG
2.44065415872,1.0,1.30106434187
Canon600D_0081.PNG
1.87643861893,1.0,1.81718266254
Canon600D_0082.PNG
2.10415375077,1.0,1.68960796515
Canon600D_0083.PNG
1.75675130996,1.0,1.92619600044
Canon600D_0084.PNG
2.03310696095,1.0,1.59268495428
Canon600D_0085.PNG
1.94691282366,1.0,1.75542201962
Canon600D_0086.PNG
2.66669430395,1.0,1.21728105367
Canon600D_0087.PNG
1.24475710114,1.0,3.61340868225
Canon600D_0088.PNG
2.36064744562,1.0,1.50209205021
Canon600D_0089.PNG
1.0031225605,1.0,2.66045548654
Canon600D_0090.PNG
1.20625814863,1.0,2.71797884841
Canon600D_0091.PNG
1.08706677937,1.0,3.20698254364
Canon600D_0092.PNG
1.1894654904,1.0,2.87158606865
Canon600D_0093.PNG
1.09145649708,1.0,3.17034220532
Canon600D_0094.PNG
1.31052833708,1.0,2.64587948604
Canon600D_0095.PNG
1.18006352309,1.0,2.8503983476
Canon600D_0096.PNG
1.2359627188,1.0,2.79753022897
Canon600D_0097.PNG
2.37482269504,1.0,1.38539511791
Canon600D_0098.PNG
1.30945452622,1.0,2.685546875
Canon600D_0099.PNG
1.11963797095,1.0,3.06841255192
Canon600D_0100.PNG
2.19638069705,1.0,1.59000485201
Canon600D_0101.PNG
2.19617199228,1.0,1.40217019237
Canon600D_0102.PNG
2.09900392394,1.0,1.55965909091
Canon600D_0103.PNG
2.19154832006,1.0,1.42607062359
Canon600D_0104.PNG
2.13195530726,1.0,1.48294085645
Canon600D_0105.PNG
2.22904647016,1.0,1.47863753392
Canon600D_0106.PNG
2.12872375508,1.0,1.49686944423
Canon600D_0107.PNG
2.14605831533,1.0,1.49966984247
Canon600D_0108.PNG
2.22800388643,1.0,1.43538739741
Canon600D_0109.PNG
2.07128240109,1.0,1.59857857331
Canon600D_0110.PNG
2.29064935065,1.0,1.81947596451
Canon600D_0111.PNG
2.27283406755,1.0,1.78674772972
Canon600D_0112.PNG
1.84491709931,1.0,1.89083419156
Canon600D_0113.PNG
2.5538509061,1.0,1.32629271162
Canon600D_0114.PNG
2.25200252003,1.0,1.38189650411
Canon600D_0115.PNG
1.28783687663,1.0,2.63417394116
Canon600D_0116.PNG
1.39082807278,1.0,2.53288250211
Canon600D_0117.PNG
1.42121248213,1.0,2.59712699967
Canon600D_0118.PNG
2.45010183299,1.0,1.46350364964
Canon600D_0119.PNG
2.1062468258,1.0,1.47597693786
Canon600D_0120.PNG
2.20905980121,1.0,1.40866583541
Canon600D_0121.PNG
1.58373053702,1.0,2.57438016529
Canon600D_0122.PNG
1.36196736174,1.0,2.66356382979
Canon600D_0124.PNG
2.36047467983,1.0,1.35413858183
Canon600D_0125.PNG
2.14553941909,1.0,1.50061670173
Canon600D_0126.PNG
1.55015687272,1.0,2.70149253731
Canon600D_0127.PNG
1.64946976211,1.0,2.43855932203
Canon600D_0128.PNG
1.46879293425,1.0,2.87826923077
Canon600D_0129.PNG
1.38882614261,1.0,3.07878484393
Canon600D_0130.PNG
1.34738499213,1.0,2.87264590714
Canon600D_0131.PNG
1.42758103804,1.0,2.44355355997
Canon600D_0132.PNG
1.63354290847,1.0,2.0961860855
Canon600D_0133.PNG
1.27083753784,1.0,3.10962962963
Canon600D_0134.PNG
1.36174001526,1.0,3.12371134021
Canon600D_0135.PNG
1.18262845159,1.0,3.2833575934
Canon600D_0136.PNG
1.25,1.0,3.16571042862
Canon600D_0137.PNG
1.31350599941,1.0,3.01832548756
Canon600D_0138.PNG
2.20111098515,1.0,1.48850045998
Canon600D_0139.PNG
2.21652065081,1.0,1.47860571906
Canon600D_0140.PNG
2.13265895954,1.0,1.53873423001
Canon600D_0141.PNG
2.17578010369,1.0,1.52663006177
Canon600D_0142.PNG
2.22332407775,1.0,1.46740553277
Canon600D_0143.PNG
2.20086956522,1.0,1.62347658756
Canon600D_0144.PNG
2.22958407723,1.0,1.47963840618
Canon600D_0145.PNG
2.26352149268,1.0,1.48839105451
Canon600D_0146.PNG
2.2230108087,1.0,1.47490063936
Canon600D_0147.PNG
2.20413148161,1.0,1.4901155933
Canon600D_0148.PNG
2.16847884595,1.0,1.4823018618
Canon600D_0149.PNG
2.21643450778,1.0,1.48393416928
Canon600D_0150.PNG
2.16815852409,1.0,1.5890129701
Canon600D_0151.PNG
2.19350875397,1.0,1.50428310631
Canon600D_0152.PNG
2.12475099602,1.0,1.51832740214
Canon600D_0153.PNG
2.24670746308,1.0,1.44593321918
Canon600D_0154.PNG
2.18141004323,1.0,1.4781971831
Canon600D_0155.PNG
1.533437014,1.0,1.5187403731
Canon600D_0156.PNG
1.47199475925,1.0,1.78191911182
Canon600D_0157.PNG
2.19913606911,1.0,1.43206751055
Canon600D_0158.PNG
0.934170854271,1.0,2.69811320755
Canon600D_0159.PNG
1.37211093991,1.0,2.60284983559
Canon600D_0160.PNG
1.4149236857,1.0,2.10926966292
Canon600D_0161.PNG
2.15273226932,1.0,1.5140499554
Canon600D_0162.PNG
2.2656097561,1.0,1.43844525887
Canon600D_0163.PNG
2.40683403068,1.0,1.32308517979
Canon600D_0164.PNG
2.09166666667,1.0,1.5584283199
Canon600D_0165.PNG
2.17001198322,1.0,1.48813559322
Canon600D_0166.PNG
2.09033923304,1.0,1.56127788488
Canon600D_0167.PNG
2.34814542784,1.0,1.34922979532
Canon600D_0168.PNG
2.23429889772,1.0,1.48433242507
Canon600D_0169.PNG
2.23217598728,1.0,1.4168909825
Canon600D_0170.PNG
2.1326546195,1.0,1.60165150241
Canon600D_0171.PNG
2.23964374482,1.0,1.41290996995
Canon600D_0172.PNG
1.99115623976,1.0,1.67051387744
Canon600D_0173.PNG
1.93313069909,1.0,1.77338403042
Canon600D_0174.PNG
1.87809300965,1.0,1.88814396613
Canon600D_0175.PNG
2.24404134149,1.0,1.40895245663
Canon600D_0176.PNG
2.23797282409,1.0,1.45754604162
Canon600D_0177.PNG
2.27237966712,1.0,1.48529844163
Canon600D_0178.PNG
2.16784612593,1.0,1.486869944
Canon600D_0179.PNG
2.12166377816,1.0,1.53216520651
Canon600D_0180.PNG
2.08733681462,1.0,1.60194369302
Canon600D_0181.PNG
2.116253074,1.0,1.53407341382
Canon600D_0182.PNG
2.09460747961,1.0,1.54896584143
Canon600D_0183.PNG
2.21400038045,1.0,1.48399846997
Canon600D_0184.PNG
2.24931129477,1.0,1.42123585727
Canon600D_0185.PNG
2.23323923783,1.0,1.44448248317
Canon600D_0186.PNG
2.21020504919,1.0,1.51655009759
Canon600D_0187.PNG
2.31549051056,1.0,1.40569597144
Canon600D_0188.PNG
2.32535753575,1.0,1.31923857076
Canon600D_0189.PNG
2.47666852575,1.0,1.24226035062
Canon600D_0190.PNG
2.12138055843,1.0,1.53051993472
Canon600D_0191.PNG
2.17838196286,1.0,1.72486216855
Canon600D_0192.PNG
2.11401140114,1.0,1.52017259978
Canon600D_0193.PNG
2.11293565684,1.0,1.53918138172
Canon600D_0194.PNG
2.17048037581,1.0,1.4941581473
Canon600D_0195.PNG
2.22913224175,1.0,1.44609387689
Canon600D_0196.PNG
2.14755364333,1.0,1.52846262563
Canon600D_0197.PNG
2.10624520746,1.0,1.5459320868
Canon600D_0198.PNG
2.13982991775,1.0,1.52166154456
Canon600D_0199.PNG
2.17105110673,1.0,1.5002802915
Canon600D_0200.PNG
2.06151531945,1.0,1.5680476936
