NikonD5200_0002.PNG
2.45789998575,1.0,1.62341206361
NikonD5200_0003.PNG
2.43932869604,1.0,1.67498104625
NikonD5200_0004.PNG
3.04857191722,1.0,1.3575780655
NikonD5200_0010.PNG
2.75185805731,1.0,1.4538129823
NikonD5200_0012.PNG
2.63057257179,1.0,1.5986658059
NikonD5200_0014.PNG
2.4655540721,1.0,1.55971283784
NikonD5200_0015.PNG
2.60814111262,1.0,1.57600437278
NikonD5200_0018.PNG
2.61922907224,1.0,1.5246322671
NikonD5200_0019.PNG
2.79030585796,1.0,1.49871220735
NikonD5200_0020.PNG
2.60105621638,1.0,1.53326932589
NikonD5200_0021.PNG
2.69053885211,1.0,1.4659617613
NikonD5200_0023.PNG
2.61990504345,1.0,1.52037845706
NikonD5200_0024.PNG
2.33328879685,1.0,1.6915439752
NikonD5200_0025.PNG
2.33296124031,1.0,1.72477190409
NikonD5200_0026.PNG
2.48911764706,1.0,1.63536231884
NikonD5200_0027.PNG
2.62934032152,1.0,1.61329622758
NikonD5200_0028.PNG
2.37160782025,1.0,1.71321669477
NikonD5200_0029.PNG
2.55458729071,1.0,1.61049382716
NikonD5200_0030.PNG
2.54511593258,1.0,1.59798877456
NikonD5200_0032.PNG
2.56364857439,1.0,1.56952404685
NikonD5200_0033.PNG
2.85867662504,1.0,1.46832104538
NikonD5200_0038.PNG
2.58638228056,1.0,1.51883611138
NikonD5200_0039.PNG
2.57486409288,1.0,1.54914352237
NikonD5200_0040.PNG
2.42269163763,1.0,1.56403767749
NikonD5200_0043.PNG
2.51488873302,1.0,1.55463145447
NikonD5200_0044.PNG
2.65500925735,1.0,1.55822517356
NikonD5200_0045.PNG
1.18278451762,1.0,5.10930325414
NikonD5200_0046.PNG
1.02490458633,1.0,4.58236927348
NikonD5200_0047.PNG
2.96807359307,1.0,1.77508090615
NikonD5200_0048.PNG
2.21204071277,1.0,2.16803674341
NikonD5200_0049.PNG
1.89929058283,1.0,2.37275175949
NikonD5200_0050.PNG
2.84580534292,1.0,1.79751332149
NikonD5200_0051.PNG
1.22313097569,1.0,4.38687820195
NikonD5200_0052.PNG
2.76473689761,1.0,1.78785502404
NikonD5200_0053.PNG
2.63544033142,1.0,1.48044441108
NikonD5200_0054.PNG
2.61037934668,1.0,1.53770949721
NikonD5200_0055.PNG
2.75211755647,1.0,1.46229116945
NikonD5200_0056.PNG
2.59454469157,1.0,1.52210733629
NikonD5200_0057.PNG
2.51699937191,1.0,1.52776396486
NikonD5200_0058.PNG
2.77851371043,1.0,1.46350823332
NikonD5200_0059.PNG
3.07406640436,1.0,1.33711643548
NikonD5200_0060.PNG
2.80870856012,1.0,1.47515592516
NikonD5200_0061.PNG
1.93674121406,1.0,2.41761622607
NikonD5200_0062.PNG
2.13277858177,1.0,1.79342865835
NikonD5200_0063.PNG
2.11028151775,1.0,1.87422545929
NikonD5200_0064.PNG
2.51768229467,1.0,1.53785533352
NikonD5200_0065.PNG
2.0040169442,1.0,2.08471356937
NikonD5200_0066.PNG
2.01730813027,1.0,2.0886583353
NikonD5200_0067.PNG
2.52924008215,1.0,1.55602846312
NikonD5200_0068.PNG
2.65446548911,1.0,1.50826279726
NikonD5200_0069.PNG
2.26533029613,1.0,1.91408114558
NikonD5200_0070.PNG
2.58987810523,1.0,1.62850489958
NikonD5200_0071.PNG
2.6751773858,1.0,1.58474004051
NikonD5200_0072.PNG
2.49229821319,1.0,1.76352618041
NikonD5200_0073.PNG
2.21418896038,1.0,1.87336150706
NikonD5200_0074.PNG
2.53728317189,1.0,1.66022995283
NikonD5200_0075.PNG
2.84787430684,1.0,1.45321637427
NikonD5200_0076.PNG
2.65878208354,1.0,1.56719074459
NikonD5200_0077.PNG
2.68937356837,1.0,1.51367713004
NikonD5200_0078.PNG
2.66989540935,1.0,1.50951090914
NikonD5200_0079.PNG
2.96164835165,1.0,1.33918012422
NikonD5200_0080.PNG
2.12613977651,1.0,1.91327213849
NikonD5200_0081.PNG
2.29001940954,1.0,1.86481989851
NikonD5200_0082.PNG
1.92670773064,1.0,2.08173184775
NikonD5200_0083.PNG
2.36307214895,1.0,1.65520988996
NikonD5200_0084.PNG
2.27632893131,1.0,1.77877986385
NikonD5200_0085.PNG
3.25044949058,1.0,1.27793486229
NikonD5200_0086.PNG
1.18218318695,1.0,4.59419265183
NikonD5200_0087.PNG
3.05023989412,1.0,1.61267749366
NikonD5200_0088.PNG
1.02233733157,1.0,3.32328261356
NikonD5200_0089.PNG
1.29480298468,1.0,3.25661793757
NikonD5200_0090.PNG
1.09644162339,1.0,3.66679531712
NikonD5200_0091.PNG
1.21581327824,1.0,3.38315724052
NikonD5200_0092.PNG
1.09470688674,1.0,3.81097681791
NikonD5200_0093.PNG
1.38450270983,1.0,3.00349539244
NikonD5200_0094.PNG
1.20251896379,1.0,3.2278140607
NikonD5200_0095.PNG
1.27996235097,1.0,3.16883722134
NikonD5200_0096.PNG
3.00018548287,1.0,1.4422648239
NikonD5200_0097.PNG
1.3247341585,1.0,3.1403729499
NikonD5200_0098.PNG
1.13392360835,1.0,3.59142354125
NikonD5200_0099.PNG
2.69360480948,1.0,1.661584184
NikonD5200_0100.PNG
2.61900662252,1.0,1.51730356047
NikonD5200_0101.PNG
2.48535166579,1.0,1.68367127606
NikonD5200_0102.PNG
2.63937906329,1.0,1.49122938531
NikonD5200_0103.PNG
2.54393054932,1.0,1.54663754664
NikonD5200_0104.PNG
2.43364143704,1.0,1.60304422746
NikonD5200_0105.PNG
2.60860623319,1.0,1.49478741728
NikonD5200_0106.PNG
2.38339920949,1.0,1.60692871419
NikonD5200_0107.PNG
2.64278740542,1.0,1.50748346676
NikonD5200_0108.PNG
2.48092816275,1.0,1.58928935044
NikonD5200_0109.PNG
2.81496350365,1.0,1.93163035312
NikonD5200_0110.PNG
2.71988940729,1.0,1.91682396639
NikonD5200_0111.PNG
2.07970079959,1.0,2.0637317635
NikonD5200_0112.PNG
3.13449145419,1.0,1.38196417542
NikonD5200_0113.PNG
2.63742760618,1.0,1.48136351315
NikonD5200_0114.PNG
1.34774737135,1.0,2.94910863934
NikonD5200_0115.PNG
1.49414604707,1.0,2.79688206055
NikonD5200_0116.PNG
1.48008600889,1.0,2.88090935033
NikonD5200_0117.PNG
3.0933227517,1.0,1.522820103
NikonD5200_0118.PNG
2.47697611426,1.0,1.56062369095
NikonD5200_0119.PNG
2.67279411765,1.0,1.48300090662
NikonD5200_0120.PNG
1.77841890241,1.0,2.87430652462
NikonD5200_0121.PNG
1.32267884323,1.0,3.10883072868
NikonD5200_0122.PNG
1.8604920778,1.0,2.17941753433
NikonD5200_0123.PNG
2.84775159102,1.0,1.39538071414
NikonD5200_0124.PNG
2.52951240376,1.0,1.60890146363
NikonD5200_0125.PNG
1.64909831947,1.0,3.28188888889
