OlympusEPL6_0002.PNG
1.88893314367,1.0,1.87527537705
OlympusEPL6_0003.PNG
1.89084679393,1.0,1.88927471023
OlympusEPL6_0004.PNG
2.27358490566,1.0,1.56730977672
OlympusEPL6_0005.PNG
1.86669025088,1.0,1.96359351257
OlympusEPL6_0008.PNG
1.63054383311,1.0,2.32532788281
OlympusEPL6_0009.PNG
2.02035483427,1.0,1.77030609785
OlympusEPL6_0010.PNG
2.1088691796,1.0,1.69808962685
OlympusEPL6_0011.PNG
1.92947737699,1.0,1.82428984521
OlympusEPL6_0012.PNG
2.00712805636,1.0,1.80527806769
OlympusEPL6_0013.PNG
1.98151772124,1.0,1.78814834195
OlympusEPL6_0014.PNG
1.93722809198,1.0,1.8186061437
OlympusEPL6_0016.PNG
1.97061828088,1.0,1.78050281294
OlympusEPL6_0017.PNG
2.0063971032,1.0,1.7765309394
OlympusEPL6_0018.PNG
2.01941625955,1.0,1.76998243303
OlympusEPL6_0019.PNG
2.04735407677,1.0,1.78930131004
OlympusEPL6_0020.PNG
1.98710990502,1.0,1.78815628816
OlympusEPL6_0023.PNG
2.03273577553,1.0,1.76574136764
OlympusEPL6_0025.PNG
1.82477224268,1.0,1.96945606695
OlympusEPL6_0026.PNG
1.96412414933,1.0,1.87143928036
OlympusEPL6_0028.PNG
2.02663786897,1.0,1.7873015873
OlympusEPL6_0031.PNG
1.92021586931,1.0,1.87182312587
OlympusEPL6_0032.PNG
1.9667801793,1.0,1.82686721322
OlympusEPL6_0034.PNG
2.05602240896,1.0,1.80399385561
OlympusEPL6_0035.PNG
2.02975141906,1.0,1.740516952
OlympusEPL6_0038.PNG
1.19628383182,1.0,3.84432597106
OlympusEPL6_0039.PNG
2.00723450723,1.0,1.77714665539
OlympusEPL6_0040.PNG
1.96763777013,1.0,1.79391782595
OlympusEPL6_0043.PNG
2.00446770913,1.0,1.77528421674
OlympusEPL6_0044.PNG
1.89196525516,1.0,1.81079275534
OlympusEPL6_0045.PNG
1.96175208281,1.0,1.85675029869
OlympusEPL6_0046.PNG
1.77383015598,1.0,1.99124513619
OlympusEPL6_0047.PNG
1.96195833797,1.0,1.80192853672
OlympusEPL6_0048.PNG
2.04147860793,1.0,1.80281968509
OlympusEPL6_0051.PNG
2.26259649123,1.0,2.03060838897
OlympusEPL6_0052.PNG
1.86408390411,1.0,2.43132328308
OlympusEPL6_0053.PNG
1.55239916746,1.0,2.66174768519
OlympusEPL6_0056.PNG
2.10612772241,1.0,1.97695772696
OlympusEPL6_0059.PNG
2.09454338765,1.0,1.63850600267
OlympusEPL6_0060.PNG
2.04022112915,1.0,1.70114692218
OlympusEPL6_0062.PNG
2.06684015888,1.0,1.66703490941
OlympusEPL6_0063.PNG
2.31739431739,1.0,1.47659699735
OlympusEPL6_0064.PNG
2.1294887482,1.0,1.64887131323
OlympusEPL6_0068.PNG
1.92400456988,1.0,1.79801494721
OlympusEPL6_0069.PNG
1.62719367589,1.0,2.3613086771
OlympusEPL6_0070.PNG
1.56568955043,1.0,2.55413776016
OlympusEPL6_0071.PNG
1.89294581569,1.0,1.81857724148
OlympusEPL6_0072.PNG
2.02762686395,1.0,1.75287298891
OlympusEPL6_0073.PNG
1.63455424415,1.0,2.39447492663
OlympusEPL6_0074.PNG
1.95695720553,1.0,1.91216434811
OlympusEPL6_0075.PNG
2.02985770935,1.0,1.86458110135
OlympusEPL6_0076.PNG
1.97823362172,1.0,1.96812555126
OlympusEPL6_0077.PNG
1.7846671266,1.0,2.09230613689
OlympusEPL6_0078.PNG
2.01429638323,1.0,1.80912226907
OlympusEPL6_0079.PNG
2.14851485149,1.0,1.66436767941
OlympusEPL6_0082.PNG
2.04867097701,1.0,1.64200374262
OlympusEPL6_0083.PNG
2.19256897269,1.0,1.57724144809
OlympusEPL6_0084.PNG
2.2179798681,1.0,1.55517696961
OlympusEPL6_0086.PNG
1.83442030491,1.0,2.12012098516
OlympusEPL6_0087.PNG
1.6079102874,1.0,2.31330306251
OlympusEPL6_0088.PNG
1.85920949594,1.0,1.93646705302
OlympusEPL6_0089.PNG
1.87170031056,1.0,1.91139742319
OlympusEPL6_0090.PNG
2.36123423604,1.0,1.50895467836
OlympusEPL6_0091.PNG
1.13720066687,1.0,4.71457744266
OlympusEPL6_0093.PNG
0.96261682243,1.0,3.44453507341
OlympusEPL6_0094.PNG
0.962856511165,1.0,3.64130434783
OlympusEPL6_0095.PNG
1.1611738149,1.0,3.43574672722
OlympusEPL6_0096.PNG
1.0343002744,1.0,4.07805255023
OlympusEPL6_0097.PNG
1.10518549747,1.0,3.67182575811
OlympusEPL6_0098.PNG
1.02165137615,1.0,4.11834319527
OlympusEPL6_0099.PNG
1.20802218903,1.0,3.24163398506
OlympusEPL6_0100.PNG
1.10000973331,1.0,3.57812252652
OlympusEPL6_0101.PNG
1.14651517721,1.0,3.4934550465
OlympusEPL6_0102.PNG
2.2363102128,1.0,1.64943849741
OlympusEPL6_0103.PNG
1.21765339074,1.0,3.25487713644
OlympusEPL6_0104.PNG
1.04399748586,1.0,3.81160002295
OlympusEPL6_0105.PNG
2.08427581175,1.0,1.78829298831
OlympusEPL6_0106.PNG
2.04872485501,1.0,1.7129235139
OlympusEPL6_0107.PNG
1.99960361503,1.0,1.84163259346
OlympusEPL6_0108.PNG
1.97286920911,1.0,1.76416735329
OlympusEPL6_0109.PNG
1.93145181291,1.0,1.78550139851
OlympusEPL6_0110.PNG
1.97206359006,1.0,1.73718558804
OlympusEPL6_0111.PNG
2.00515509732,1.0,1.75209692451
OlympusEPL6_0112.PNG
1.93677168753,1.0,1.77605540897
OlympusEPL6_0113.PNG
2.02544132918,1.0,1.76196928636
OlympusEPL6_0114.PNG
1.94893002494,1.0,1.91523674365
OlympusEPL6_0115.PNG
2.14658489658,1.0,2.2065512979
OlympusEPL6_0116.PNG
2.0783257356,1.0,2.111134498
OlympusEPL6_0117.PNG
1.76982447404,1.0,2.44194434902
OlympusEPL6_0118.PNG
2.33404940924,1.0,1.58555271799
OlympusEPL6_0119.PNG
1.94302013423,1.0,1.76422912858
OlympusEPL6_0120.PNG
1.1960453038,1.0,3.33054539118
OlympusEPL6_0121.PNG
1.31575942139,1.0,3.24158304417
OlympusEPL6_0122.PNG
1.32863545548,1.0,3.3080129067
OlympusEPL6_0123.PNG
2.21712644678,1.0,1.7384510406
OlympusEPL6_0124.PNG
1.94969226652,1.0,1.74850011999
OlympusEPL6_0125.PNG
2.01349340212,1.0,1.71517917512
OlympusEPL6_0126.PNG
1.51411449298,1.0,3.2656462585
OlympusEPL6_0127.PNG
1.21687183201,1.0,3.41062458775
OlympusEPL6_0128.PNG
1.63437995103,1.0,2.5013777141
OlympusEPL6_0129.PNG
2.12230443306,1.0,1.58601134216
OlympusEPL6_0130.PNG
2.00486111111,1.0,1.75075803517
OlympusEPL6_0131.PNG
1.43095004897,1.0,3.44270986745
OlympusEPL6_0132.PNG
1.65927698703,1.0,2.9575662326
OlympusEPL6_0133.PNG
1.36608421656,1.0,3.5797928239
OlympusEPL6_0134.PNG
1.29315144766,1.0,3.97586236412
OlympusEPL6_0135.PNG
1.23307720454,1.0,3.6189307356
OlympusEPL6_0136.PNG
1.31,1.0,2.95232962618
OlympusEPL6_0137.PNG
1.49600319744,1.0,2.49933226496
OlympusEPL6_0138.PNG
1.23636635291,1.0,4.03068679981
OlympusEPL6_0139.PNG
1.25278106509,1.0,3.908003544
OlympusEPL6_0140.PNG
1.13789945976,1.0,4.40986515259
OlympusEPL6_0141.PNG
1.20860330297,1.0,4.32589363557
OlympusEPL6_0142.PNG
1.19223540921,1.0,3.82822187319
OlympusEPL6_0143.PNG
1.98455559481,1.0,1.77854170436
OlympusEPL6_0144.PNG
2.00200361944,1.0,1.78530259366
OlympusEPL6_0145.PNG
1.93277656642,1.0,1.87619808307
OlympusEPL6_0146.PNG
2.01935851205,1.0,1.80849858357
OlympusEPL6_0147.PNG
2.0016646849,1.0,1.73904958678
OlympusEPL6_0148.PNG
2.00121190087,1.0,1.83927378035
OlympusEPL6_0149.PNG
1.98056597341,1.0,1.78848522167
OlympusEPL6_0150.PNG
2.05409597673,1.0,1.74300756828
OlympusEPL6_0151.PNG
2.05907703358,1.0,1.67572702031
OlympusEPL6_0152.PNG
2.02487346349,1.0,1.79145342886
OlympusEPL6_0153.PNG
1.95863810977,1.0,1.77162168594
OlympusEPL6_0154.PNG
1.97746604984,1.0,1.75196668209
OlympusEPL6_0155.PNG
1.98016336056,1.0,1.86647602288
OlympusEPL6_0156.PNG
1.94982002964,1.0,1.81208185754
OlympusEPL6_0157.PNG
1.92254458344,1.0,1.83713437897
OlympusEPL6_0158.PNG
1.96712124043,1.0,1.8096411079
OlympusEPL6_0159.PNG
1.97109881725,1.0,1.80134239888
OlympusEPL6_0160.PNG
1.44164193867,1.0,1.90445079624
OlympusEPL6_0161.PNG
1.36154295733,1.0,2.31501540296
OlympusEPL6_0162.PNG
2.05140316755,1.0,1.76289398281
OlympusEPL6_0163.PNG
0.852676622129,1.0,3.56090444931
OlympusEPL6_0164.PNG
1.26514478593,1.0,3.34893016694
OlympusEPL6_0165.PNG
1.28621223857,1.0,2.75340518773
OlympusEPL6_0166.PNG
1.97649432092,1.0,1.81287961064
OlympusEPL6_0167.PNG
2.03917841491,1.0,1.74474813644
OlympusEPL6_0168.PNG
2.1898021927,1.0,1.57069152035
OlympusEPL6_0169.PNG
1.89904264578,1.0,1.86538242334
OlympusEPL6_0170.PNG
2.01994474184,1.0,1.77908745247
OlympusEPL6_0171.PNG
1.87944078947,1.0,1.85684107897
OlympusEPL6_0172.PNG
1.87815361615,1.0,1.87465025182
OlympusEPL6_0173.PNG
2.15834767642,1.0,1.60923965351
OlympusEPL6_0174.PNG
2.07395778824,1.0,1.77119022792
OlympusEPL6_0175.PNG
2.00735756813,1.0,1.77921743607
OlympusEPL6_0176.PNG
1.31427035913,1.0,4.01361266654
OlympusEPL6_0177.PNG
1.94004542014,1.0,1.88358077319
OlympusEPL6_0178.PNG
2.03833345143,1.0,1.67591028255
OlympusEPL6_0179.PNG
1.87167273746,1.0,1.98455139632
OlympusEPL6_0180.PNG
1.81310043668,1.0,2.12879409352
OlympusEPL6_0181.PNG
1.7309895319,1.0,2.21173501577
OlympusEPL6_0182.PNG
1.9988700565,1.0,1.76341584981
OlympusEPL6_0183.PNG
2.07456140351,1.0,1.65460076046
OlympusEPL6_0184.PNG
1.93221412734,1.0,1.91683251283
OlympusEPL6_0185.PNG
2.08990398603,1.0,1.7550904056
OlympusEPL6_0186.PNG
1.96643783371,1.0,1.76201216595
OlympusEPL6_0187.PNG
1.94979609056,1.0,1.85857908847
OlympusEPL6_0188.PNG
1.88259198243,1.0,1.85790158248
OlympusEPL6_0189.PNG
1.93247490622,1.0,1.86606618367
OlympusEPL6_0190.PNG
1.91463823135,1.0,1.80205979717
OlympusEPL6_0191.PNG
2.00078740157,1.0,1.83693070329
OlympusEPL6_0192.PNG
2.12726901897,1.0,1.70619990185
OlympusEPL6_0193.PNG
2.01882119861,1.0,1.76940441049
OlympusEPL6_0194.PNG
1.96857518921,1.0,1.79870715574
OlympusEPL6_0195.PNG
2.07202585544,1.0,1.69109026964
OlympusEPL6_0196.PNG
2.08313756199,1.0,1.65364691256
OlympusEPL6_0197.PNG
2.10216976049,1.0,1.58399763803
OlympusEPL6_0198.PNG
2.03964138174,1.0,1.71621921456
OlympusEPL6_0199.PNG
1.97933453408,1.0,2.09302325581
OlympusEPL6_0200.PNG
1.9327782446,1.0,1.81389346907
OlympusEPL6_0201.PNG
1.94139194139,1.0,1.83555140478
OlympusEPL6_0202.PNG
1.9475464309,1.0,1.78003145507
OlympusEPL6_0203.PNG
2.05280392959,1.0,1.68486477406
OlympusEPL6_0204.PNG
1.98481339236,1.0,1.78863936592
OlympusEPL6_0205.PNG
1.94624352332,1.0,1.85343664469
OlympusEPL6_0206.PNG
1.95254722894,1.0,1.80499917232
OlympusEPL6_0207.PNG
1.9780694647,1.0,1.79659520188
OlympusEPL6_0208.PNG
1.8767063922,1.0,1.85490175082
