SonyA57_0185.PNG
2.69451219512,1.0,1.5093244074
OlympusEPL6_0194.PNG
1.96857518921,1.0,1.79870715574
Canon1DsMkIII_0134.PNG
1.71171171171,1.0,2.1018922853
FujifilmXM1_0063.PNG
1.89058646204,1.0,1.63308181684
FujifilmXM1_0074.PNG
2.12052567871,1.0,1.57852055265
NikonD5200_0018.PNG
2.61922907224,1.0,1.5246322671
NikonD5200_0059.PNG
3.07406640436,1.0,1.33711643548
OlympusEPL6_0195.PNG
2.07202585544,1.0,1.69109026964
SonyA57_0122.PNG
2.79382738202,1.0,1.46541176471
SamsungNX2000_0060.PNG
2.78136552951,1.0,1.44119786615
Canon1DsMkIII_0230.PNG
2.17844318666,1.0,1.36895246109
SamsungNX2000_0189.PNG
2.69798813816,1.0,1.48775169937
FujifilmXM1_0078.PNG
2.21084337349,1.0,1.44795144158
FujifilmXM1_0066.PNG
1.81606596622,1.0,1.66483784443
PanasonicGX1_0118.PNG
1.44906226557,1.0,2.51176822449
OlympusEPL6_0117.PNG
1.76982447404,1.0,2.44194434902
NikonD5200_0115.PNG
1.49414604707,1.0,2.79688206055
FujifilmXM1_0079.PNG
1.62446815931,1.0,2.03139991278
SonyA57_0241.PNG
2.33826083085,1.0,1.98920454545
OlympusEPL6_0136.PNG
1.31,1.0,2.95232962618
OlympusEPL6_0151.PNG
2.05907703358,1.0,1.67572702031
FujifilmXM1_0146.PNG
1.83422603107,1.0,1.71525169046
SamsungNX2000_0084.PNG
2.33719591743,1.0,1.75964871736
SonyA57_0178.PNG
2.35645011293,1.0,2.05289351852
Canon1DsMkIII_0179.PNG
1.18638985006,1.0,2.98144927536
Canon1DsMkIII_0224.PNG
2.19706911636,1.0,1.33488372093
SamsungNX2000_0202.PNG
2.30939454739,1.0,1.70552601761
NikonD5200_0063.PNG
2.11028151775,1.0,1.87422545929
Canon600D_0194.PNG
2.17048037581,1.0,1.4941581473
SonyA57_0244.PNG
2.94385108331,1.0,1.48529638183
PanasonicGX1_0088.PNG
1.14787213179,1.0,3.42721630167
Canon1DsMkIII_0175.PNG
1.1285782934,1.0,3.16824050877
SonyA57_0132.PNG
2.30654798195,1.0,1.93652743653
FujifilmXM1_0089.PNG
0.867677668748,1.0,3.8700265252
Canon1DsMkIII_0030.PNG
2.40423861852,1.0,1.27771404735
OlympusEPL6_0142.PNG
1.19223540921,1.0,3.82822187319
SamsungNX2000_0187.PNG
2.55977161889,1.0,1.54642138546
SonyA57_0246.PNG
2.75728677997,1.0,1.48650441561
SonyA57_0016.PNG
2.81294291487,1.0,1.47454947834
FujifilmXM1_0184.PNG
2.02714085166,1.0,1.52197589853
OlympusEPL6_0106.PNG
2.04872485501,1.0,1.7129235139
SonyA57_0087.PNG
2.80970701391,1.0,1.49042386185
OlympusEPL6_0088.PNG
1.85920949594,1.0,1.93646705302
Canon600D_0104.PNG
2.13195530726,1.0,1.48294085645
OlympusEPL6_0168.PNG
2.1898021927,1.0,1.57069152035
SamsungNX2000_0108.PNG
2.45205248991,1.0,1.7169277889
Canon1DsMkIII_0073.PNG
2.08728848535,1.0,1.48487962419
SamsungNX2000_0123.PNG
2.72873486481,1.0,1.35401294986
SonyA57_0116.PNG
3.03705917513,1.0,1.67431898067
NikonD5200_0103.PNG
2.54393054932,1.0,1.54663754664
SonyA57_0198.PNG
1.94446348989,1.0,2.14836859477
SamsungNX2000_0167.PNG
2.66550797914,1.0,1.50591385851
SamsungNX2000_0156.PNG
2.52926870178,1.0,1.60693734015
NikonD5200_0092.PNG
1.09470688674,1.0,3.81097681791
PanasonicGX1_0011.PNG
2.36900647948,1.0,1.52034097997
SonyA57_0123.PNG
2.68756319515,1.0,1.52554046298
FujifilmXM1_0176.PNG
1.80066526043,1.0,1.78502493164
FujifilmXM1_0026.PNG
1.90011489301,1.0,1.76183500899
Canon600D_0120.PNG
2.20905980121,1.0,1.40866583541
Canon1DsMkIII_0057.PNG
2.09462169553,1.0,1.41507574824
PanasonicGX1_0160.PNG
1.40018845067,1.0,2.63976652709
FujifilmXM1_0030.PNG
2.13055339825,1.0,1.55916642378
OlympusEPL6_0207.PNG
1.9780694647,1.0,1.79659520188
PanasonicGX1_0076.PNG
2.43948722274,1.0,1.51241830065
OlympusEPL6_0017.PNG
2.0063971032,1.0,1.7765309394
OlympusEPL6_0034.PNG
2.05602240896,1.0,1.80399385561
PanasonicGX1_0189.PNG
2.38092312733,1.0,1.56312598309
FujifilmXM1_0181.PNG
1.988892042,1.0,1.60138399269
Canon1DsMkIII_0147.PNG
1.84520738242,1.0,1.69547775346
Canon600D_0134.PNG
1.36174001526,1.0,3.12371134021
PanasonicGX1_0098.PNG
2.65169517885,1.0,1.40921713832
NikonD5200_0004.PNG
3.04857191722,1.0,1.3575780655
PanasonicGX1_0167.PNG
2.38298313161,1.0,1.5286299701
FujifilmXM1_0103.PNG
1.97293133803,1.0,1.64616232097
SonyA57_0151.PNG
3.37132956411,1.0,1.23336113428
OlympusEPL6_0143.PNG
1.98455559481,1.0,1.77854170436
NikonD5200_0078.PNG
2.66989540935,1.0,1.50951090914
OlympusEPL6_0020.PNG
1.98710990502,1.0,1.78815628816
FujifilmXM1_0159.PNG
1.90966076696,1.0,1.64936305732
SonyA57_0074.PNG
2.79203967283,1.0,1.5158041958
SamsungNX2000_0028.PNG
2.40293211943,1.0,1.65155976811
FujifilmXM1_0080.PNG
1.85669781931,1.0,1.94238039369
SamsungNX2000_0111.PNG
2.06859998486,1.0,2.06680031774
PanasonicGX1_0079.PNG
2.38548601864,1.0,1.47055202134
Canon600D_0086.PNG
2.66669430395,1.0,1.21728105367
Canon600D_0136.PNG
1.25,1.0,3.16571042862
SonyA57_0018.PNG
2.87982946976,1.0,1.48661659927
OlympusEPL6_0060.PNG
2.04022112915,1.0,1.70114692218
OlympusEPL6_0113.PNG
2.02544132918,1.0,1.76196928636
SamsungNX2000_0097.PNG
1.35132633917,1.0,3.08345011614
SonyA57_0043.PNG
2.85943060498,1.0,1.52949294501
SonyA57_0083.PNG
2.92457991403,1.0,1.45801675433
Canon1DsMkIII_0217.PNG
1.21388821679,1.0,3.46957123098
Canon1DsMkIII_0077.PNG
2.29667030568,1.0,1.2740348221
FujifilmXM1_0094.PNG
1.01540646077,1.0,3.26641543908
SamsungNX2000_0050.PNG
2.75416178791,1.0,1.8735281895
FujifilmXM1_0112.PNG
1.05420071919,1.0,3.16280894468
SamsungNX2000_0057.PNG
2.41775991507,1.0,1.68514799154
Canon1DsMkIII_0195.PNG
2.21859683518,1.0,1.72901888028
SamsungNX2000_0186.PNG
2.65419258984,1.0,1.55816615787
OlympusEPL6_0156.PNG
1.94982002964,1.0,1.81208185754
Canon600D_0166.PNG
2.09033923304,1.0,1.56127788488
OlympusEPL6_0114.PNG
1.94893002494,1.0,1.91523674365
SonyA57_0149.PNG
2.60245644818,1.0,1.5879024241
SonyA57_0086.PNG
3.03306908267,1.0,1.51619112319
FujifilmXM1_0164.PNG
1.93298969072,1.0,1.6201203518
PanasonicGX1_0161.PNG
1.42528872959,1.0,2.18092626447
NikonD5200_0080.PNG
2.12613977651,1.0,1.91327213849
SonyA57_0188.PNG
1.5663047055,1.0,2.81717421715
PanasonicGX1_0057.PNG
2.55372635663,1.0,1.46641808364
FujifilmXM1_0096.PNG
1.05263157895,1.0,3.14024390244
PanasonicGX1_0101.PNG
2.46784217372,1.0,1.55029961867
Canon1DsMkIII_0201.PNG
1.35440751445,1.0,2.7722455016
PanasonicGX1_0172.PNG
1.39659978798,1.0,2.97432895727
SonyA57_0202.PNG
1.56209492635,1.0,3.64178876679
PanasonicGX1_0125.PNG
2.79775793172,1.0,1.36063649407
SonyA57_0211.PNG
2.79849107304,1.0,1.51102120536
FujifilmXM1_0157.PNG
2.17105850826,1.0,1.48599902177
SonyA57_0197.PNG
1.73169780244,1.0,2.48875599576
SonyA57_0175.PNG
2.74312138728,1.0,1.55593442623
SonyA57_0190.PNG
3.08579599619,1.0,1.38244714926
NikonD5200_0002.PNG
2.45789998575,1.0,1.62341206361
FujifilmXM1_0171.PNG
1.95040122277,1.0,1.61331310449
PanasonicGX1_0103.PNG
2.44552331489,1.0,1.49854711499
SamsungNX2000_0173.PNG
2.33474205771,1.0,1.89216959962
SamsungNX2000_0092.PNG
1.14875608503,1.0,3.54201236989
NikonD5200_0118.PNG
2.47697611426,1.0,1.56062369095
SamsungNX2000_0132.PNG
1.30227913534,1.0,3.43987587277
SamsungNX2000_0103.PNG
2.499355232,1.0,1.57738976028
OlympusEPL6_0182.PNG
1.9988700565,1.0,1.76341584981
PanasonicGX1_0186.PNG
2.40427180168,1.0,1.48898255714
SonyA57_0023.PNG
2.89393351442,1.0,1.48885339722
NikonD5200_0120.PNG
1.77841890241,1.0,2.87430652462
FujifilmXM1_0195.PNG
1.89208956903,1.0,1.67388382858
PanasonicGX1_0136.PNG
1.23384874895,1.0,3.27766990291
OlympusEPL6_0160.PNG
1.44164193867,1.0,1.90445079624
SamsungNX2000_0032.PNG
2.50628556305,1.0,1.57960579356
OlympusEPL6_0084.PNG
2.2179798681,1.0,1.55517696961
Canon600D_0076.PNG
2.30692015209,1.0,1.41294829995
SamsungNX2000_0085.PNG
2.9740983838,1.0,1.31811072881
NikonD5200_0039.PNG
2.57486409288,1.0,1.54914352237
SonyA57_0169.PNG
2.92855403101,1.0,1.46653927468
SonyA57_0253.PNG
2.87287104623,1.0,1.44421001131
Canon600D_0044.PNG
2.17392780355,1.0,1.48336035827
Canon600D_0048.PNG
2.37244258873,1.0,1.68455380966
FujifilmXM1_0162.PNG
2.11044496487,1.0,1.52212688332
Canon600D_0068.PNG
2.12905236908,1.0,1.48091934085
OlympusEPL6_0008.PNG
1.63054383311,1.0,2.32532788281
SonyA57_0135.PNG
2.31654978121,1.0,1.96127886323
PanasonicGX1_0157.PNG
1.5217837257,1.0,1.70611105027
Canon600D_0065.PNG
2.13164556962,1.0,1.44092261905
Canon600D_0153.PNG
2.24670746308,1.0,1.44593321918
SamsungNX2000_0102.PNG
2.48514595712,1.0,1.52941176471
SonyA57_0252.PNG
3.18557268722,1.0,1.40089599225
SamsungNX2000_0148.PNG
2.53154831199,1.0,1.56626332469
Canon600D_0102.PNG
2.09900392394,1.0,1.55965909091
PanasonicGX1_0121.PNG
2.49800070151,1.0,1.48649551242
Canon600D_0152.PNG
2.12475099602,1.0,1.51832740214
SamsungNX2000_0106.PNG
2.40202106614,1.0,1.57991911377
FujifilmXM1_0099.PNG
1.9630328178,1.0,1.61014851485
SonyA57_0161.PNG
1.51539270161,1.0,2.8285914506
OlympusEPL6_0128.PNG
1.63437995103,1.0,2.5013777141
OlympusEPL6_0167.PNG
2.03917841491,1.0,1.74474813644
SonyA57_0174.PNG
2.85319979496,1.0,1.45505730947
Canon1DsMkIII_0228.PNG
2.08370128624,1.0,1.47633297062
FujifilmXM1_0060.PNG
1.47835394862,1.0,2.49038307421
FujifilmXM1_0059.PNG
2.22203951876,1.0,1.49704579025
PanasonicGX1_0113.PNG
2.04125590258,1.0,1.86553603876
PanasonicGX1_0005.PNG
2.3780929262,1.0,1.52902519168
FujifilmXM1_0178.PNG
1.86823734729,1.0,1.69718588981
SonyA57_0264.PNG
2.73645077815,1.0,1.55059892606
SamsungNX2000_0133.PNG
1.3698630137,1.0,3.33625255432
SonyA57_0096.PNG
2.61709736964,1.0,1.58614179835
SonyA57_0237.PNG
2.56478908815,1.0,1.67668428005
FujifilmXM1_0092.PNG
1.06845493562,1.0,3.13164349959
PanasonicGX1_0175.PNG
2.12552636856,1.0,1.63782447466
Canon600D_0162.PNG
2.2656097561,1.0,1.43844525887
SamsungNX2000_0100.PNG
2.45916567071,1.0,1.5355366027
SamsungNX2000_0137.PNG
2.49619197777,1.0,1.62735191638
Canon1DsMkIII_0220.PNG
1.21333644206,1.0,3.72645900465
Canon600D_0180.PNG
2.08733681462,1.0,1.60194369302
SamsungNX2000_0074.PNG
2.508585934,1.0,1.67622848591
SonyA57_0220.PNG
2.79908521091,1.0,1.50489548704
SonyA57_0143.PNG
2.84641585385,1.0,1.45623762376
OlympusEPL6_0157.PNG
1.92254458344,1.0,1.83713437897
SonyA57_0209.PNG
2.94732719796,1.0,1.65515724654
SonyA57_0067.PNG
3.17483756645,1.0,1.30913962126
Canon1DsMkIII_0117.PNG
2.18052893829,1.0,1.40434460627
OlympusEPL6_0112.PNG
1.93677168753,1.0,1.77605540897
OlympusEPL6_0121.PNG
1.31575942139,1.0,3.24158304417
Canon1DsMkIII_0168.PNG
2.06328358209,1.0,1.51446099912
Canon1DsMkIII_0186.PNG
2.0858452318,1.0,1.55085190039
OlympusEPL6_0064.PNG
2.1294887482,1.0,1.64887131323
Canon1DsMkIII_0237.PNG
2.07456248459,1.0,1.53236231224
Canon1DsMkIII_0060.PNG
2.14215057703,1.0,1.42441836859
PanasonicGX1_0035.PNG
1.22059304481,1.0,3.11749965196
Canon600D_0001.PNG
1.91757722919,1.0,1.89331379861
Canon600D_0084.PNG
2.03310696095,1.0,1.59268495428
SamsungNX2000_0179.PNG
2.63284275755,1.0,1.5483269836
PanasonicGX1_0004.PNG
2.78158495871,1.0,1.35333846285
PanasonicGX1_0110.PNG
2.27494334958,1.0,1.54726321689
SamsungNX2000_0162.PNG
2.73551737915,1.0,1.41408508881
FujifilmXM1_0155.PNG
1.87317480184,1.0,1.70373613543
OlympusEPL6_0161.PNG
1.36154295733,1.0,2.31501540296
OlympusEPL6_0053.PNG
1.55239916746,1.0,2.66174768519
Canon1DsMkIII_0171.PNG
1.17581446715,1.0,4.09973045822
PanasonicGX1_0197.PNG
2.38537628659,1.0,1.51549893843
FujifilmXM1_0156.PNG
1.926910299,1.0,1.64649633946
SonyA57_0156.PNG
1.35482233503,1.0,3.44832041344
Canon600D_0146.PNG
2.2230108087,1.0,1.47490063936
Canon600D_0196.PNG
2.14755364333,1.0,1.52846262563
SonyA57_0014.PNG
2.78139875503,1.0,1.54289892753
NikonD5200_0104.PNG
2.43364143704,1.0,1.60304422746
Canon600D_0195.PNG
2.22913224175,1.0,1.44609387689
SonyA57_0032.PNG
3.03111341581,1.0,1.32774118182
Canon1DsMkIII_0115.PNG
2.23766285038,1.0,1.38345130583
SonyA57_0125.PNG
3.44433526222,1.0,1.22972972973
SonyA57_0212.PNG
2.79684134961,1.0,1.46598434678
NikonD5200_0114.PNG
1.34774737135,1.0,2.94910863934
Canon1DsMkIII_0193.PNG
2.00944081336,1.0,1.54537838593
SonyA57_0088.PNG
2.63052897354,1.0,1.64087108691
Canon1DsMkIII_0083.PNG
1.88833333333,1.0,1.74106799846
SamsungNX2000_0166.PNG
2.37003519356,1.0,1.59388683201
Canon600D_0087.PNG
1.24475710114,1.0,3.61340868225
Canon600D_0113.PNG
2.5538509061,1.0,1.32629271162
FujifilmXM1_0120.PNG
1.43677432974,1.0,3.25427943005
PanasonicGX1_0087.PNG
2.91182058292,1.0,1.25717715315
SonyA57_0072.PNG
2.90459877504,1.0,1.47597193649
Canon1DsMkIII_0216.PNG
1.55296207028,1.0,2.13312423767
FujifilmXM1_0136.PNG
1.94649377748,1.0,1.65573198948
NikonD5200_0055.PNG
2.75211755647,1.0,1.46229116945
OlympusEPL6_0089.PNG
1.87170031056,1.0,1.91139742319
SonyA57_0128.PNG
2.35050036612,1.0,1.75175842833
PanasonicGX1_0190.PNG
2.59276703801,1.0,1.36242332939
OlympusEPL6_0175.PNG
2.00735756813,1.0,1.77921743607
SonyA57_0235.PNG
2.8566846292,1.0,1.47768375643
NikonD5200_0023.PNG
2.61990504345,1.0,1.52037845706
SamsungNX2000_0125.PNG
1.64946025515,1.0,2.96270182613
OlympusEPL6_0130.PNG
2.00486111111,1.0,1.75075803517
Canon600D_0051.PNG
2.30491132333,1.0,1.68612774451
OlympusEPL6_0197.PNG
2.10216976049,1.0,1.58399763803
NikonD5200_0061.PNG
1.93674121406,1.0,2.41761622607
FujifilmXM1_0062.PNG
1.87991429104,1.0,1.68495323981
PanasonicGX1_0071.PNG
2.00919292724,1.0,1.82166322508
FujifilmXM1_0124.PNG
1.19985863227,1.0,3.35877323157
FujifilmXM1_0165.PNG
1.21426451677,1.0,3.66993048808
Canon600D_0160.PNG
1.4149236857,1.0,2.10926966292
FujifilmXM1_0104.PNG
1.92113709308,1.0,1.63671875
NikonD5200_0020.PNG
2.60105621638,1.0,1.53326932589
FujifilmXM1_0132.PNG
1.92126626385,1.0,1.67107299458
SonyA57_0136.PNG
2.7933411215,1.0,1.53936779759
SonyA57_0114.PNG
2.41641104294,1.0,2.0461038961
FujifilmXM1_0130.PNG
1.1029324577,1.0,3.91580310881
OlympusEPL6_0177.PNG
1.94004542014,1.0,1.88358077319
FujifilmXM1_0017.PNG
1.96362618914,1.0,1.62554045707
PanasonicGX1_0129.PNG
1.4029652578,1.0,2.84982244797
Canon600D_0114.PNG
2.25200252003,1.0,1.38189650411
OlympusEPL6_0198.PNG
2.03964138174,1.0,1.71621921456
FujifilmXM1_0077.PNG
2.02591743119,1.0,1.56115235065
NikonD5200_0112.PNG
3.13449145419,1.0,1.38196417542
SonyA57_0267.PNG
2.77625927372,1.0,1.53968311257
SonyA57_0215.PNG
2.90585559143,1.0,1.4808540872
FujifilmXM1_0068.PNG
1.56273764259,1.0,2.23419563201
Canon600D_0179.PNG
2.12166377816,1.0,1.53216520651
SonyA57_0107.PNG
2.72026386312,1.0,1.533883529
Canon1DsMkIII_0162.PNG
2.25483117435,1.0,1.401531151
SonyA57_0262.PNG
2.7426571507,1.0,1.49104611252
PanasonicGX1_0132.PNG
1.44264178033,1.0,2.4671593783
SonyA57_0070.PNG
2.47602120553,1.0,1.86682685643
OlympusEPL6_0163.PNG
0.852676622129,1.0,3.56090444931
PanasonicGX1_0165.PNG
2.24152785755,1.0,1.55944055944
Canon1DsMkIII_0219.PNG
1.14252631579,1.0,3.83804809052
OlympusEPL6_0074.PNG
1.95695720553,1.0,1.91216434811
OlympusEPL6_0120.PNG
1.1960453038,1.0,3.33054539118
Canon1DsMkIII_0225.PNG
2.08020096762,1.0,1.41727591599
PanasonicGX1_0104.PNG
2.52227900494,1.0,1.48041646009
PanasonicGX1_0105.PNG
2.30393176617,1.0,1.49830890643
Canon600D_0151.PNG
2.19350875397,1.0,1.50428310631
Canon1DsMkIII_0035.PNG
2.10292942743,1.0,1.45920724383
SonyA57_0101.PNG
2.76572543618,1.0,1.46145447929
Canon1DsMkIII_0051.PNG
2.14599855804,1.0,1.41334283001
PanasonicGX1_0026.PNG
2.48249676272,1.0,1.55484074945
FujifilmXM1_0143.PNG
1.93378305032,1.0,1.65329797812
SamsungNX2000_0014.PNG
2.42367262111,1.0,1.56485623003
OlympusEPL6_0164.PNG
1.26514478593,1.0,3.34893016694
Canon1DsMkIII_0122.PNG
2.16644346662,1.0,1.38562251453
FujifilmXM1_0064.PNG
1.52342996722,1.0,2.18312453943
NikonD5200_0123.PNG
2.84775159102,1.0,1.39538071414
Canon1DsMkIII_0206.PNG
1.28772970627,1.0,2.86019604692
SamsungNX2000_0088.PNG
1.07747577142,1.0,3.14080448107
Canon600D_0150.PNG
2.16815852409,1.0,1.5890129701
SonyA57_0181.PNG
1.61152128338,1.0,2.73261205564
PanasonicGX1_0100.PNG
1.18014440433,1.0,2.98339011925
SamsungNX2000_0048.PNG
2.22239348233,1.0,2.26097670251
Canon1DsMkIII_0093.PNG
2.1855078623,1.0,1.41141759297
NikonD5200_0027.PNG
2.62934032152,1.0,1.61329622758
PanasonicGX1_0137.PNG
1.34905604545,1.0,3.282926478
Canon1DsMkIII_0123.PNG
2.0757795504,1.0,1.42483822797
FujifilmXM1_0111.PNG
1.90758571043,1.0,1.64934256594
SamsungNX2000_0071.PNG
2.57536088945,1.0,1.69607322114
Canon1DsMkIII_0167.PNG
1.72917011761,1.0,1.88838639653
FujifilmXM1_0134.PNG
1.87705468557,1.0,1.68893129771
PanasonicGX1_0195.PNG
2.32540667218,1.0,1.5748762954
Canon1DsMkIII_0156.PNG
2.16718266254,1.0,1.46545708304
PanasonicGX1_0133.PNG
1.66269090909,1.0,2.16005291005
SonyA57_0124.PNG
2.95893942184,1.0,1.39662215012
Canon1DsMkIII_0135.PNG
2.29008438819,1.0,1.62896267117
Canon600D_0149.PNG
2.21643450778,1.0,1.48393416928
FujifilmXM1_0070.PNG
1.94656707843,1.0,1.77428646242
SonyA57_0129.PNG
2.34435995924,1.0,1.75551772717
Canon1DsMkIII_0176.PNG
1.03119092628,1.0,3.60462555066
OlympusEPL6_0205.PNG
1.94624352332,1.0,1.85343664469
SamsungNX2000_0120.PNG
1.80962032158,1.0,2.90205850488
SamsungNX2000_0169.PNG
2.55813953488,1.0,1.60155346224
OlympusEPL6_0199.PNG
1.97933453408,1.0,2.09302325581
SamsungNX2000_0027.PNG
2.42710472279,1.0,1.70129540259
Canon1DsMkIII_0116.PNG
2.37582260372,1.0,1.31853910282
NikonD5200_0024.PNG
2.33328879685,1.0,1.6915439752
Canon1DsMkIII_0050.PNG
2.17295573609,1.0,1.42985611511
SonyA57_0093.PNG
2.77956747015,1.0,1.58185897436
SamsungNX2000_0083.PNG
2.29492314858,1.0,1.69034958318
SonyA57_0109.PNG
2.76783420399,1.0,1.49848158194
Canon1DsMkIII_0108.PNG
2.16385068762,1.0,1.42281358998
PanasonicGX1_0152.PNG
2.5308994855,1.0,1.45897727273
SamsungNX2000_0194.PNG
2.41818669528,1.0,1.63784019476
PanasonicGX1_0158.PNG
2.37022819364,1.0,1.45423617926
SamsungNX2000_0160.PNG
2.3986265533,1.0,1.57133676093
FujifilmXM1_0081.PNG
1.5396937159,1.0,2.13601953602
Canon1DsMkIII_0009.PNG
2.09158739041,1.0,1.63288189894
PanasonicGX1_0116.PNG
1.36062853182,1.0,2.6573397883
Canon600D_0041.PNG
2.08056580566,1.0,1.52421716603
Canon1DsMkIII_0192.PNG
2.18163522013,1.0,1.38818632944
SamsungNX2000_0043.PNG
2.46927394798,1.0,1.6651410193
Canon1DsMkIII_0094.PNG
2.22635962763,1.0,1.34557299378
OlympusEPL6_0126.PNG
1.51411449298,1.0,3.2656462585
Canon600D_0071.PNG
2.18337899543,1.0,1.56547930854
FujifilmXM1_0189.PNG
1.875686752,1.0,1.70545984771
NikonD5200_0088.PNG
1.02233733157,1.0,3.32328261356
Canon1DsMkIII_0153.PNG
2.21638655462,1.0,1.38269986894
SonyA57_0069.PNG
2.68206221583,1.0,1.54429818074
Canon1DsMkIII_0096.PNG
2.19055469872,1.0,1.46930403453
Canon600D_0143.PNG
2.20086956522,1.0,1.62347658756
SamsungNX2000_0104.PNG
2.62815066553,1.0,1.46665261827
Canon1DsMkIII_0040.PNG
2.21665875653,1.0,1.46790288363
PanasonicGX1_0037.PNG
2.36393725381,1.0,1.47756410256
Canon1DsMkIII_0111.PNG
2.16790553256,1.0,1.47487517603
PanasonicGX1_0085.PNG
2.20573322933,1.0,1.57791211346
PanasonicGX1_0069.PNG
2.27833894501,1.0,1.486000122
NikonD5200_0065.PNG
2.0040169442,1.0,2.08471356937
SonyA57_0236.PNG
1.65355694491,1.0,3.24811218986
NikonD5200_0050.PNG
2.84580534292,1.0,1.79751332149
OlympusEPL6_0158.PNG
1.96712124043,1.0,1.8096411079
Canon600D_0101.PNG
2.19617199228,1.0,1.40217019237
PanasonicGX1_0159.PNG
0.904252485795,1.0,2.87725988701
OlympusEPL6_0148.PNG
2.00121190087,1.0,1.83927378035
Canon1DsMkIII_0223.PNG
2.11579053171,1.0,1.43892268781
Canon600D_0168.PNG
2.23429889772,1.0,1.48433242507
Canon1DsMkIII_0098.PNG
2.33259619637,1.0,1.25511661114
FujifilmXM1_0116.PNG
1.19073977372,1.0,3.1868070437
OlympusEPL6_0095.PNG
1.1611738149,1.0,3.43574672722
NikonD5200_0067.PNG
2.52924008215,1.0,1.55602846312
SamsungNX2000_0127.PNG
1.38969771875,1.0,3.4004818289
PanasonicGX1_0059.PNG
2.29844384974,1.0,1.52218721281
SonyA57_0051.PNG
2.88225548286,1.0,1.39570301877
Canon1DsMkIII_0236.PNG
2.05869485964,1.0,1.50186170213
Canon600D_0147.PNG
2.20413148161,1.0,1.4901155933
FujifilmXM1_0137.PNG
1.98134715026,1.0,1.80470224816
FujifilmXM1_0186.PNG
1.84466548576,1.0,1.73075939657
PanasonicGX1_0115.PNG
2.34401867562,1.0,1.50303030303
SonyA57_0098.PNG
2.82172834796,1.0,1.47355050807
Canon600D_0188.PNG
2.32535753575,1.0,1.31923857076
FujifilmXM1_0131.PNG
1.14785488796,1.0,3.73557894737
PanasonicGX1_0082.PNG
1.99380654563,1.0,1.77185409022
PanasonicGX1_0188.PNG
2.40207184379,1.0,1.4711305856
SamsungNX2000_0196.PNG
2.47164179104,1.0,1.64820496007
NikonD5200_0025.PNG
2.33296124031,1.0,1.72477190409
SonyA57_0144.PNG
2.89697283908,1.0,1.39986082116
Canon1DsMkIII_0197.PNG
2.53794056669,1.0,1.25286572052
NikonD5200_0099.PNG
2.69360480948,1.0,1.661584184
PanasonicGX1_0106.PNG
2.42324339258,1.0,1.54824664627
FujifilmXM1_0098.PNG
1.98278512143,1.0,1.70050092275
PanasonicGX1_0042.PNG
2.22209663747,1.0,1.53419953958
Canon1DsMkIII_0137.PNG
2.2010641277,1.0,1.70795306389
Canon600D_0006.PNG
1.92594913573,1.0,1.76746860922
Canon1DsMkIII_0125.PNG
2.02078032231,1.0,1.46977174584
Canon600D_0013.PNG
2.18831365425,1.0,1.52755323083
PanasonicGX1_0196.PNG
2.30296893882,1.0,1.52421098141
FujifilmXM1_0172.PNG
2.03796296296,1.0,1.55525720746
Canon1DsMkIII_0248.PNG
2.09118429981,1.0,1.44212079764
Canon1DsMkIII_0247.PNG
2.17907334212,1.0,1.43693889372
FujifilmXM1_0076.PNG
1.98873072361,1.0,1.6155143339
PanasonicGX1_0074.PNG
2.24600078034,1.0,1.62889077533
FujifilmXM1_0095.PNG
2.22910058324,1.0,1.53248214977
PanasonicGX1_0123.PNG
1.25552740673,1.0,2.5550113655
Canon1DsMkIII_0164.PNG
2.35522163787,1.0,1.26658585859
OlympusEPL6_0179.PNG
1.87167273746,1.0,1.98455139632
FujifilmXM1_0032.PNG
1.21563609976,1.0,3.76051512287
FujifilmXM1_0192.PNG
1.86464959028,1.0,1.69655891554
Canon600D_0140.PNG
2.13265895954,1.0,1.53873423001
OlympusEPL6_0097.PNG
1.10518549747,1.0,3.67182575811
NikonD5200_0094.PNG
1.20251896379,1.0,3.2278140607
Canon1DsMkIII_0128.PNG
2.09680923286,1.0,1.44125058329
OlympusEPL6_0159.PNG
1.97109881725,1.0,1.80134239888
Canon600D_0004.PNG
2.09808376136,1.0,1.58526755728
Canon1DsMkIII_0187.PNG
2.20993174865,1.0,1.35166258817
PanasonicGX1_0173.PNG
2.28998427649,1.0,1.58707151926
SonyA57_0103.PNG
2.78464600169,1.0,1.46378189887
Canon1DsMkIII_0119.PNG
1.22354211663,1.0,3.69657422512
OlympusEPL6_0204.PNG
1.98481339236,1.0,1.78863936592
OlympusEPL6_0169.PNG
1.89904264578,1.0,1.86538242334
FujifilmXM1_0013.PNG
1.89048638727,1.0,1.68801213961
Canon1DsMkIII_0126.PNG
2.08003597122,1.0,1.47184218899
SonyA57_0192.PNG
1.93268141435,1.0,2.90413045426
FujifilmXM1_0160.PNG
1.87087176436,1.0,1.68918737408
SonyA57_0115.PNG
2.15391195631,1.0,2.12842187398
Canon1DsMkIII_0205.PNG
1.51783466219,1.0,2.72569706104
Canon1DsMkIII_0183.PNG
1.06241682193,1.0,3.42765135251
Canon1DsMkIII_0089.PNG
2.09347553325,1.0,1.48026023954
PanasonicGX1_0012.PNG
2.36790407804,1.0,1.50830636462
Canon1DsMkIII_0170.PNG
2.66141547143,1.0,1.15724363562
Canon600D_0089.PNG
1.0031225605,1.0,2.66045548654
PanasonicGX1_0031.PNG
2.39420397548,1.0,1.50174784433
Canon1DsMkIII_0127.PNG
1.9020979021,1.0,1.61264822134
SonyA57_0227.PNG
2.92132916785,1.0,1.46614719437
SamsungNX2000_0011.PNG
2.51219162364,1.0,1.56695220416
SonyA57_0044.PNG
3.06708175189,1.0,1.38948995363
PanasonicGX1_0171.PNG
2.32496789198,1.0,1.47079490558
Canon1DsMkIII_0130.PNG
1.14435916307,1.0,4.62755102041
Canon1DsMkIII_0185.PNG
2.18651018992,1.0,1.39100068237
PanasonicGX1_0174.PNG
2.40185867649,1.0,1.41450679416
NikonD5200_0051.PNG
1.22313097569,1.0,4.38687820195
OlympusEPL6_0127.PNG
1.21687183201,1.0,3.41062458775
SonyA57_0145.PNG
3.06289814747,1.0,1.30567781003
SonyA57_0127.PNG
2.27614294728,1.0,2.08600567764
OlympusEPL6_0138.PNG
1.23636635291,1.0,4.03068679981
Canon600D_0192.PNG
2.11401140114,1.0,1.52017259978
PanasonicGX1_0040.PNG
2.28797031822,1.0,1.51515151515
SamsungNX2000_0044.PNG
2.56464831804,1.0,1.65034634761
NikonD5200_0068.PNG
2.65446548911,1.0,1.50826279726
SonyA57_0216.PNG
2.77586272207,1.0,1.60878155873
PanasonicGX1_0127.PNG
1.47514116513,1.0,2.62588869821
SonyA57_0134.PNG
2.93023255814,1.0,1.47261798753
SamsungNX2000_0146.PNG
2.60083837913,1.0,1.57579862287
SamsungNX2000_0171.PNG
2.32493557274,1.0,1.82526947361
SonyA57_0063.PNG
2.80010418023,1.0,1.43768387269
PanasonicGX1_0185.PNG
2.39868685026,1.0,1.51311550851
Canon600D_0139.PNG
2.21652065081,1.0,1.47860571906
Canon600D_0190.PNG
2.12138055843,1.0,1.53051993472
SamsungNX2000_0059.PNG
2.92842099789,1.0,1.29987189401
FujifilmXM1_0153.PNG
1.15503875969,1.0,3.13806552262
OlympusEPL6_0002.PNG
1.88893314367,1.0,1.87527537705
SamsungNX2000_0143.PNG
2.60705882353,1.0,1.49158626879
PanasonicGX1_0077.PNG
2.62068635886,1.0,1.45429950666
Canon1DsMkIII_0151.PNG
1.81406011207,1.0,1.84364483562
OlympusEPL6_0189.PNG
1.93247490622,1.0,1.86606618367
OlympusEPL6_0102.PNG
2.2363102128,1.0,1.64943849741
OlympusEPL6_0135.PNG
1.23307720454,1.0,3.6189307356
Canon600D_0103.PNG
2.19154832006,1.0,1.42607062359
FujifilmXM1_0071.PNG
1.84726587052,1.0,1.83420012482
Canon1DsMkIII_0227.PNG
2.13573152511,1.0,1.46357407262
Canon600D_0045.PNG
2.22646934461,1.0,1.48989870409
SonyA57_0057.PNG
2.75467583108,1.0,1.55040172593
Canon1DsMkIII_0133.PNG
1.85714285714,1.0,1.99496855346
OlympusEPL6_0063.PNG
2.31739431739,1.0,1.47659699735
SonyA57_0199.PNG
1.68634275372,1.0,3.52019761697
PanasonicGX1_0122.PNG
1.63900955691,1.0,2.43576500968
Canon1DsMkIII_0160.PNG
2.3150112504,1.0,1.31856462834
PanasonicGX1_0039.PNG
2.50281716593,1.0,1.4512659951
Canon1DsMkIII_0191.PNG
2.12183042789,1.0,1.44743243243
Canon1DsMkIII_0109.PNG
1.99457027614,1.0,1.50585617241
PanasonicGX1_0194.PNG
2.24206162991,1.0,1.74129866974
SamsungNX2000_0147.PNG
2.48972324772,1.0,1.63244635193
SonyA57_0146.PNG
2.37411032028,1.0,1.79959536923
SamsungNX2000_0018.PNG
2.27546239211,1.0,1.63021201413
Canon600D_0055.PNG
2.19791937581,1.0,1.46489859594
OlympusEPL6_0070.PNG
1.56568955043,1.0,2.55413776016
OlympusEPL6_0035.PNG
2.02975141906,1.0,1.740516952
PanasonicGX1_0091.PNG
1.27144866385,1.0,2.74077817079
FujifilmXM1_0083.PNG
1.71165644172,1.0,1.87248322148
FujifilmXM1_0002.PNG
1.85662492764,1.0,1.74518170623
SonyA57_0073.PNG
2.91062906725,1.0,1.39022621309
Canon600D_0189.PNG
2.47666852575,1.0,1.24226035062
FujifilmXM1_0082.PNG
1.8016091954,1.0,1.79213354676
NikonD5200_0060.PNG
2.80870856012,1.0,1.47515592516
OlympusEPL6_0152.PNG
2.02487346349,1.0,1.79145342886
Canon600D_0091.PNG
1.08706677937,1.0,3.20698254364
Canon1DsMkIII_0239.PNG
2.02898144907,1.0,1.55326902465
FujifilmXM1_0061.PNG
1.70517432208,1.0,1.85610481533
SonyA57_0248.PNG
2.63418397626,1.0,1.58657420646
Canon600D_0138.PNG
2.20111098515,1.0,1.48850045998
OlympusEPL6_0101.PNG
1.14651517721,1.0,3.4934550465
OlympusEPL6_0111.PNG
2.00515509732,1.0,1.75209692451
PanasonicGX1_0146.PNG
2.5091177082,1.0,1.52061383417
Canon600D_0124.PNG
2.36047467983,1.0,1.35413858183
PanasonicGX1_0181.PNG
2.56816120907,1.0,1.50209205021
OlympusEPL6_0087.PNG
1.6079102874,1.0,2.31330306251
SonyA57_0106.PNG
2.69065326633,1.0,1.53491572067
Canon1DsMkIII_0246.PNG
2.1940336563,1.0,1.47548010974
OlympusEPL6_0109.PNG
1.93145181291,1.0,1.78550139851
SamsungNX2000_0177.PNG
2.60211361273,1.0,1.50869321368
FujifilmXM1_0086.PNG
2.12951167728,1.0,1.74825697211
Canon600D_0050.PNG
1.76106666667,1.0,2.10541976621
SamsungNX2000_0024.PNG
2.37726098191,1.0,1.65167067968
FujifilmXM1_0173.PNG
2.05831551945,1.0,1.64673689971
SamsungNX2000_0115.PNG
1.43868092692,1.0,2.92205206184
SamsungNX2000_0159.PNG
1.44005739678,1.0,2.38544701733
FujifilmXM1_0187.PNG
1.92356152877,1.0,2.00877192982
OlympusEPL6_0108.PNG
1.97286920911,1.0,1.76416735329
Canon1DsMkIII_0177.PNG
1.26034922503,1.0,2.71150193458
Canon600D_0171.PNG
2.23964374482,1.0,1.41290996995
NikonD5200_0044.PNG
2.65500925735,1.0,1.55822517356
SonyA57_0045.PNG
2.92463182212,1.0,1.44355758267
OlympusEPL6_0077.PNG
1.7846671266,1.0,2.09230613689
NikonD5200_0107.PNG
2.64278740542,1.0,1.50748346676
SamsungNX2000_0030.PNG
2.61139475516,1.0,1.49933377748
Canon600D_0075.PNG
2.22370398197,1.0,1.5579681537
FujifilmXM1_0126.PNG
1.4228125,1.0,2.42077839217
Canon1DsMkIII_0211.PNG
1.55536818437,1.0,2.63775023832
Canon1DsMkIII_0204.PNG
2.18859041817,1.0,1.34978650726
SonyA57_0234.PNG
2.87994428969,1.0,1.52402712264
PanasonicGX1_0066.PNG
2.33623355145,1.0,1.48797801695
SonyA57_0189.PNG
2.13060951105,1.0,2.07411432297
FujifilmXM1_0097.PNG
0.902469652574,1.0,3.72446555819
SamsungNX2000_0114.PNG
1.37246612057,1.0,2.97821100917
SonyA57_0247.PNG
2.70421466837,1.0,1.56836866562
FujifilmXM1_0168.PNG
1.76696464852,1.0,1.88941994352
FujifilmXM1_0142.PNG
1.89824724678,1.0,1.66412836552
Canon600D_0112.PNG
1.84491709931,1.0,1.89083419156
SonyA57_0150.PNG
2.4556422995,1.0,1.73520561685
OlympusEPL6_0146.PNG
2.01935851205,1.0,1.80849858357
Canon600D_0023.PNG
2.03231815218,1.0,1.63686145075
SamsungNX2000_0200.PNG
2.38065936913,1.0,1.67689394803
NikonD5200_0076.PNG
2.65878208354,1.0,1.56719074459
PanasonicGX1_0193.PNG
2.45721271394,1.0,1.46672504378
PanasonicGX1_0156.PNG
1.51643960036,1.0,1.5694679451
Canon1DsMkIII_0241.PNG
1.89268415424,1.0,1.72345056708
FujifilmXM1_0043.PNG
1.96149385293,1.0,1.67313019391
Canon1DsMkIII_0008.PNG
2.15572738716,1.0,1.40161346896
Canon600D_0019.PNG
2.22814498934,1.0,1.41178059984
FujifilmXM1_0025.PNG
1.75685896995,1.0,1.87184058219
Canon1DsMkIII_0150.PNG
1.7328866555,1.0,1.94290722424
PanasonicGX1_0145.PNG
2.52219965755,1.0,1.47576887232
PanasonicGX1_0055.PNG
2.47472059606,1.0,1.47030923923
SamsungNX2000_0093.PNG
1.33044420368,1.0,3.11666337667
Canon600D_0092.PNG
1.1894654904,1.0,2.87158606865
FujifilmXM1_0087.PNG
0.857885615251,1.0,3.50442477876
SamsungNX2000_0158.PNG
1.41406316506,1.0,2.96149046176
SonyA57_0224.PNG
1.04051040634,1.0,2.6963081862
SamsungNX2000_0191.PNG
2.75859323159,1.0,1.41980874317
NikonD5200_0097.PNG
1.3247341585,1.0,3.1403729499
OlympusEPL6_0173.PNG
2.15834767642,1.0,1.60923965351
OlympusEPL6_0086.PNG
1.83442030491,1.0,2.12012098516
NikonD5200_0100.PNG
2.61900662252,1.0,1.51730356047
SonyA57_0266.PNG
2.70278734732,1.0,1.54941799575
Canon1DsMkIII_0103.PNG
2.16165311653,1.0,1.4201905101
SonyA57_0250.PNG
2.72560442761,1.0,1.55658140986
SonyA57_0239.PNG
2.38770840144,1.0,1.71134020619
FujifilmXM1_0141.PNG
2.01504509192,1.0,1.59762805088
PanasonicGX1_0184.PNG
2.18924624364,1.0,1.53393271462
SamsungNX2000_0110.PNG
2.61161658908,1.0,2.05836981447
NikonD5200_0125.PNG
1.64909831947,1.0,3.28188888889
SonyA57_0213.PNG
2.8169775615,1.0,1.49712643678
OlympusEPL6_0191.PNG
2.00078740157,1.0,1.83693070329
NikonD5200_0071.PNG
2.6751773858,1.0,1.58474004051
PanasonicGX1_0117.PNG
1.4680121356,1.0,2.47861915367
SonyA57_0110.PNG
2.8489567113,1.0,1.50188803152
SonyA57_0255.PNG
2.92750508935,1.0,1.41757940854
OlympusEPL6_0059.PNG
2.09454338765,1.0,1.63850600267
PanasonicGX1_0163.PNG
2.56489940258,1.0,1.41105379514
OlympusEPL6_0096.PNG
1.0343002744,1.0,4.07805255023
Canon600D_0191.PNG
2.17838196286,1.0,1.72486216855
Canon600D_0062.PNG
1.69362171098,1.0,2.21593366979
Canon600D_0052.PNG
1.26973521406,1.0,3.55332409972
OlympusEPL6_0122.PNG
1.32863545548,1.0,3.3080129067
FujifilmXM1_0108.PNG
2.1650111494,1.0,2.09740769835
SonyA57_0245.PNG
2.77353780314,1.0,1.48956138671
PanasonicGX1_0134.PNG
1.3605870021,1.0,3.09224318658
Canon1DsMkIII_0058.PNG
2.15578872488,1.0,1.42427446834
OlympusEPL6_0090.PNG
2.36123423604,1.0,1.50895467836
OlympusEPL6_0192.PNG
2.12726901897,1.0,1.70619990185
Canon600D_0181.PNG
2.116253074,1.0,1.53407341382
SamsungNX2000_0199.PNG
2.42988946743,1.0,1.68212478921
OlympusEPL6_0208.PNG
1.8767063922,1.0,1.85490175082
Canon600D_0107.PNG
2.14605831533,1.0,1.49966984247
PanasonicGX1_0083.PNG
2.18058461734,1.0,1.7199299825
Canon600D_0130.PNG
1.34738499213,1.0,2.87264590714
SonyA57_0139.PNG
2.46669671023,1.0,1.72462032894
SamsungNX2000_0062.PNG
2.31468067459,1.0,1.759604876
Canon1DsMkIII_0039.PNG
1.58151382824,1.0,2.63393939394
Canon600D_0094.PNG
1.31052833708,1.0,2.64587948604
Canon1DsMkIII_0212.PNG
1.32294198457,1.0,3.31892895016
SamsungNX2000_0198.PNG
2.43151732273,1.0,1.62520075923
Canon1DsMkIII_0110.PNG
2.11447315571,1.0,1.50883729818
Canon600D_0022.PNG
2.1578125,1.0,1.45675105485
PanasonicGX1_0084.PNG
1.85765799962,1.0,1.85413904149
Canon600D_0135.PNG
1.18262845159,1.0,3.2833575934
OlympusEPL6_0201.PNG
1.94139194139,1.0,1.83555140478
SamsungNX2000_0045.PNG
1.2475952876,1.0,4.31225447926
SamsungNX2000_0141.PNG
2.55898527586,1.0,1.64794364052
SamsungNX2000_0155.PNG
1.57005911487,1.0,1.77607084764
PanasonicGX1_0164.PNG
2.72636626941,1.0,1.35616438356
FujifilmXM1_0073.PNG
1.98724466217,1.0,1.69291338583
Canon600D_0098.PNG
1.30945452622,1.0,2.685546875
FujifilmXM1_0019.PNG
2.20967741935,1.0,1.58635131806
NikonD5200_0113.PNG
2.63742760618,1.0,1.48136351315
SamsungNX2000_0183.PNG
2.38713082489,1.0,1.69212782541
Canon1DsMkIII_0042.PNG
2.27966300023,1.0,1.34711658139
Canon600D_0200.PNG
2.06151531945,1.0,1.5680476936
Canon1DsMkIII_0157.PNG
2.03549706956,1.0,1.68408051235
NikonD5200_0062.PNG
2.13277858177,1.0,1.79342865835
SonyA57_0105.PNG
2.78472679394,1.0,1.46589963959
Canon1DsMkIII_0079.PNG
2.12339238049,1.0,1.40277332478
OlympusEPL6_0047.PNG
1.96195833797,1.0,1.80192853672
OlympusEPL6_0162.PNG
2.05140316755,1.0,1.76289398281
Canon1DsMkIII_0145.PNG
2.36855249256,1.0,1.31039430333
OlympusEPL6_0196.PNG
2.08313756199,1.0,1.65364691256
SamsungNX2000_0007.PNG
2.42599277978,1.0,1.55730337079
OlympusEPL6_0105.PNG
2.08427581175,1.0,1.78829298831
PanasonicGX1_0089.PNG
2.67280832095,1.0,1.54006849315
SamsungNX2000_0130.PNG
1.42415560917,1.0,2.76096933555
SamsungNX2000_0122.PNG
1.91292400559,1.0,2.13424134292
FujifilmXM1_0139.PNG
2.01176115802,1.0,1.62985585145
SamsungNX2000_0138.PNG
2.54032492867,1.0,1.54588944011
SonyA57_0210.PNG
2.81118881119,1.0,1.48257422091
NikonD5200_0110.PNG
2.71988940729,1.0,1.91682396639
NikonD5200_0085.PNG
3.25044949058,1.0,1.27793486229
OlympusEPL6_0149.PNG
1.98056597341,1.0,1.78848522167
SamsungNX2000_0038.PNG
2.33873311056,1.0,1.57563744922
Canon600D_0172.PNG
1.99115623976,1.0,1.67051387744
FujifilmXM1_0018.PNG
2.00888940199,1.0,1.64922756137
PanasonicGX1_0043.PNG
2.3082349923,1.0,1.54106362936
SonyA57_0257.PNG
3.12168141593,1.0,1.23989455185
SonyA57_0232.PNG
2.63506433631,1.0,1.62757585171
Canon600D_0109.PNG
2.07128240109,1.0,1.59857857331
OlympusEPL6_0107.PNG
1.99960361503,1.0,1.84163259346
Canon1DsMkIII_0092.PNG
2.07195504634,1.0,1.49337260677
SamsungNX2000_0073.PNG
2.21510510685,1.0,1.8726923645
FujifilmXM1_0031.PNG
1.96931240085,1.0,1.63692993225
SamsungNX2000_0070.PNG
2.50060272085,1.0,1.62566705228
PanasonicGX1_0202.PNG
2.42507492507,1.0,1.49672447013
SonyA57_0076.PNG
2.79467785568,1.0,1.50346015623
FujifilmXM1_0119.PNG
1.94267638037,1.0,1.67876076872
OlympusEPL6_0134.PNG
1.29315144766,1.0,3.97586236412
SonyA57_0240.PNG
2.48985777571,1.0,1.80724318836
OlympusEPL6_0028.PNG
2.02663786897,1.0,1.7873015873
OlympusEPL6_0186.PNG
1.96643783371,1.0,1.76201216595
SonyA57_0168.PNG
2.71305907984,1.0,1.6221600705
PanasonicGX1_0013.PNG
2.41862598922,1.0,1.43358259687
Canon1DsMkIII_0120.PNG
2.16477118874,1.0,1.40921910806
NikonD5200_0073.PNG
2.21418896038,1.0,1.87336150706
FujifilmXM1_0193.PNG
1.85621463006,1.0,1.73483779972
NikonD5200_0082.PNG
1.92670773064,1.0,2.08173184775
OlympusEPL6_0069.PNG
1.62719367589,1.0,2.3613086771
PanasonicGX1_0072.PNG
2.36402682984,1.0,1.55986489634
PanasonicGX1_0086.PNG
2.30182674822,1.0,1.64449693659
FujifilmXM1_0128.PNG
1.19026790596,1.0,3.80594405594
Canon600D_0133.PNG
1.27083753784,1.0,3.10962962963
SamsungNX2000_0087.PNG
2.73399014778,1.0,1.63842116772
NikonD5200_0122.PNG
1.8604920778,1.0,2.17941753433
SonyA57_0019.PNG
2.86624381404,1.0,1.48723327306
FujifilmXM1_0127.PNG
1.08807494433,1.0,3.86630286494
Canon600D_0167.PNG
2.34814542784,1.0,1.34922979532
PanasonicGX1_0139.PNG
2.4719792679,1.0,1.50246111439
Canon1DsMkIII_0203.PNG
2.0803469999,1.0,1.41689526623
Canon600D_0090.PNG
1.20625814863,1.0,2.71797884841
SamsungNX2000_0075.PNG
2.72974020938,1.0,1.5240632806
Canon600D_0182.PNG
2.09460747961,1.0,1.54896584143
NikonD5200_0070.PNG
2.58987810523,1.0,1.62850489958
SonyA57_0049.PNG
2.72358305878,1.0,1.54245538129
SonyA57_0147.PNG
2.54854115365,1.0,1.79828348778
Canon600D_0100.PNG
2.19638069705,1.0,1.59000485201
SonyA57_0218.PNG
2.70428807736,1.0,1.54860099096
SonyA57_0258.PNG
2.69310009718,1.0,1.55124157542
FujifilmXM1_0045.PNG
0.884030686685,1.0,4.62407680945
Canon600D_0072.PNG
2.21160069704,1.0,1.53066850448
SonyA57_0243.PNG
2.93467706834,1.0,1.39259612329
NikonD5200_0014.PNG
2.4655540721,1.0,1.55971283784
OlympusEPL6_0079.PNG
2.14851485149,1.0,1.66436767941
PanasonicGX1_0050.PNG
2.03207628955,1.0,1.95605006954
Canon600D_0116.PNG
1.39082807278,1.0,2.53288250211
Canon1DsMkIII_0027.PNG
2.27335067392,1.0,1.38450460829
SonyA57_0217.PNG
2.91226825157,1.0,1.50458295142
SonyA57_0249.PNG
2.67255934055,1.0,1.55024915747
Canon1DsMkIII_0172.PNG
2.36221122112,1.0,1.41662543295
SamsungNX2000_0096.PNG
2.75849507316,1.0,1.48371450597
Canon1DsMkIII_0210.PNG
1.50804992764,1.0,2.98158082976
SamsungNX2000_0094.PNG
1.27610320714,1.0,3.17000119804
OlympusEPL6_0132.PNG
1.65927698703,1.0,2.9575662326
Canon1DsMkIII_0249.PNG
2.19837356173,1.0,1.41447258558
Canon1DsMkIII_0198.PNG
2.25906735751,1.0,1.30765588003
SonyA57_0179.PNG
3.27944786697,1.0,1.35658172064
FujifilmXM1_0037.PNG
1.86322792466,1.0,1.67475633907
OlympusEPL6_0174.PNG
2.07395778824,1.0,1.77119022792
SonyA57_0165.PNG
1.34139301245,1.0,3.23769453493
PanasonicGX1_0096.PNG
1.21287989429,1.0,2.81721993377
Canon600D_0093.PNG
1.09145649708,1.0,3.17034220532
PanasonicGX1_0144.PNG
2.50311286897,1.0,1.61210434454
PanasonicGX1_0140.PNG
2.47271788822,1.0,1.49532918645
Canon1DsMkIII_0105.PNG
2.10433779105,1.0,1.44261913626
FujifilmXM1_0040.PNG
1.88273156995,1.0,1.72090457805
SamsungNX2000_0119.PNG
2.54055073557,1.0,1.53124733566
SamsungNX2000_0090.PNG
1.14832861962,1.0,3.84483742156
SonyA57_0058.PNG
2.73489883326,1.0,1.57285429142
SonyA57_0177.PNG
2.9022461609,1.0,1.78842554995
FujifilmXM1_0148.PNG
1.89541065423,1.0,1.66420576328
SamsungNX2000_0126.PNG
1.78502447414,1.0,2.7700677479
Canon600D_0036.PNG
2.20639606396,1.0,1.4850976929
FujifilmXM1_0138.PNG
2.02261349905,1.0,1.59675660943
FujifilmXM1_0115.PNG
1.92679459844,1.0,1.62725090036
Canon1DsMkIII_0142.PNG
2.08150789608,1.0,1.45980707395
NikonD5200_0030.PNG
2.54511593258,1.0,1.59798877456
PanasonicGX1_0187.PNG
2.4901734104,1.0,1.40793515916
Canon600D_0127.PNG
1.64946976211,1.0,2.43855932203
FujifilmXM1_0014.PNG
1.95344673232,1.0,1.6719025362
Canon1DsMkIII_0144.PNG
2.51695264242,1.0,1.16678332803
SamsungNX2000_0185.PNG
2.59322597501,1.0,1.62639654402
PanasonicGX1_0124.PNG
1.87798835086,1.0,2.03931841782
FujifilmXM1_0145.PNG
1.88741721854,1.0,1.67299723757
SonyA57_0187.PNG
2.04968258349,1.0,2.69057971014
Canon600D_0038.PNG
2.23160367581,1.0,1.45893938025
SonyA57_0166.PNG
2.88564146134,1.0,1.53850335206
Canon1DsMkIII_0131.PNG
1.00152033447,1.0,4.25514735567
Canon600D_0108.PNG
2.22800388643,1.0,1.43538739741
SonyA57_0222.PNG
1.83034894399,1.0,1.69026923892
OlympusEPL6_0200.PNG
1.9327782446,1.0,1.81389346907
NikonD5200_0106.PNG
2.38339920949,1.0,1.60692871419
OlympusEPL6_0038.PNG
1.19628383182,1.0,3.84432597106
PanasonicGX1_0081.PNG
2.68537947949,1.0,1.30223338179
Canon1DsMkIII_0085.PNG
2.25891872012,1.0,1.3431008091
FujifilmXM1_0169.PNG
1.69214023831,1.0,2.00638500204
SonyA57_0126.PNG
3.00981505516,1.0,1.38736212376
OlympusEPL6_0093.PNG
0.96261682243,1.0,3.44453507341
Canon1DsMkIII_0121.PNG
2.09917355372,1.0,1.43043013885
OlympusEPL6_0187.PNG
1.94979609056,1.0,1.85857908847
Canon600D_0003.PNG
2.40185240514,1.0,1.32744385733
NikonD5200_0028.PNG
2.37160782025,1.0,1.71321669477
NikonD5200_0074.PNG
2.53728317189,1.0,1.66022995283
Canon600D_0021.PNG
2.47887323944,1.0,1.3618275608
OlympusEPL6_0012.PNG
2.00712805636,1.0,1.80527806769
Canon1DsMkIII_0067.PNG
0.85393258427,1.0,2.82494004796
PanasonicGX1_0200.PNG
2.3128870734,1.0,1.52763272411
NikonD5200_0075.PNG
2.84787430684,1.0,1.45321637427
Canon600D_0170.PNG
2.1326546195,1.0,1.60165150241
Canon600D_0007.PNG
1.80814032236,1.0,2.00112426923
SonyA57_0084.PNG
2.75596916714,1.0,1.50828274514
Canon600D_0111.PNG
2.27283406755,1.0,1.78674772972
SamsungNX2000_0134.PNG
1.23555555556,1.0,3.6040070713
Canon1DsMkIII_0086.PNG
2.27083569566,1.0,1.33053184068
SonyA57_0171.PNG
2.86275209709,1.0,1.46886446886
SamsungNX2000_0142.PNG
2.56639896745,1.0,1.68634564644
SonyA57_0157.PNG
1.44976673538,1.0,3.09102475133
NikonD5200_0052.PNG
2.76473689761,1.0,1.78785502404
Canon1DsMkIII_0146.PNG
1.64822330001,1.0,2.25575724736
FujifilmXM1_0090.PNG
0.967456472733,1.0,3.49545100078
NikonD5200_0019.PNG
2.79030585796,1.0,1.49871220735
Canon1DsMkIII_0196.PNG
1.83204134367,1.0,1.88940706196
NikonD5200_0098.PNG
1.13392360835,1.0,3.59142354125
Canon1DsMkIII_0059.PNG
2.04937255709,1.0,1.5192151281
OlympusEPL6_0025.PNG
1.82477224268,1.0,1.96945606695
SonyA57_0228.PNG
3.0587998389,1.0,1.33350891054
Canon600D_0129.PNG
1.38882614261,1.0,3.07878484393
SonyA57_0095.PNG
2.84815265936,1.0,1.51060546244
FujifilmXM1_0084.PNG
2.39433416046,1.0,1.37094482595
Canon600D_0085.PNG
1.94691282366,1.0,1.75542201962
SonyA57_0259.PNG
2.79371474617,1.0,1.80497709288
Canon1DsMkIII_0161.PNG
2.24452191235,1.0,1.40777760425
PanasonicGX1_0067.PNG
1.89028707151,1.0,1.90337119993
NikonD5200_0072.PNG
2.49229821319,1.0,1.76352618041
FujifilmXM1_0175.PNG
1.84588929408,1.0,1.72084024323
PanasonicGX1_0094.PNG
1.12038303694,1.0,3.22806326058
SonyA57_0141.PNG
3.01060177706,1.0,1.44581292731
SamsungNX2000_0077.PNG
2.44884347571,1.0,1.62834841228
Canon600D_0174.PNG
1.87809300965,1.0,1.88814396613
SamsungNX2000_0113.PNG
2.4491133048,1.0,1.60686651
SonyA57_0256.PNG
2.98923825566,1.0,1.35968160729
PanasonicGX1_0090.PNG
1.09128535295,1.0,3.07582631238
SamsungNX2000_0140.PNG
2.47607065325,1.0,1.60797821211
Canon1DsMkIII_0025.PNG
2.50970421829,1.0,1.22011768392
FujifilmXM1_0174.PNG
1.89910102471,1.0,1.68210924884
FujifilmXM1_0140.PNG
2.07275210044,1.0,1.60272767268
SonyA57_0108.PNG
2.45217391304,1.0,1.6339055794
SonyA57_0036.PNG
2.7727608138,1.0,1.53611057037
SamsungNX2000_0068.PNG
2.58802323253,1.0,1.47874349145
SamsungNX2000_0129.PNG
1.36288462375,1.0,3.17033662364
SonyA57_0119.PNG
2.88756823384,1.0,1.45712635507
Canon1DsMkIII_0243.PNG
2.09084924292,1.0,1.47003008563
PanasonicGX1_0092.PNG
1.15487598647,1.0,3.31781376518
PanasonicGX1_0168.PNG
2.27334623378,1.0,1.5272026962
FujifilmXM1_0147.PNG
1.8560248654,1.0,1.70655779536
PanasonicGX1_0099.PNG
1.27990945662,1.0,2.90687603029
SamsungNX2000_0095.PNG
1.31247523326,1.0,3.0010708402
SamsungNX2000_0145.PNG
2.62685179315,1.0,1.50675798533
PanasonicGX1_0155.PNG
2.42706588498,1.0,1.50965921424
SamsungNX2000_0064.PNG
2.41922952412,1.0,1.59088006131
PanasonicGX1_0034.PNG
1.29848130841,1.0,3.12
SamsungNX2000_0109.PNG
2.56093879707,1.0,2.05666666667
Canon600D_0058.PNG
2.17595459236,1.0,1.48957965383
PanasonicGX1_0153.PNG
2.33850093432,1.0,1.55702502189
NikonD5200_0119.PNG
2.67279411765,1.0,1.48300090662
NikonD5200_0117.PNG
3.0933227517,1.0,1.522820103
Canon1DsMkIII_0015.PNG
2.009285943,1.0,1.62144702842
OlympusEPL6_0040.PNG
1.96763777013,1.0,1.79391782595
SamsungNX2000_0188.PNG
2.50889221094,1.0,1.67386992858
Canon600D_0060.PNG
2.51061802341,1.0,1.27597896776
SonyA57_0251.PNG
3.01102217557,1.0,1.47664092664
OlympusEPL6_0072.PNG
2.02762686395,1.0,1.75287298891
OlympusEPL6_0005.PNG
1.86669025088,1.0,1.96359351257
Canon600D_0154.PNG
2.18141004323,1.0,1.4781971831
SonyA57_0238.PNG
2.91078286558,1.0,1.41518647963
Canon1DsMkIII_0234.PNG
2.1029988466,1.0,1.39909453653
Canon600D_0156.PNG
1.47199475925,1.0,1.78191911182
FujifilmXM1_0058.PNG
2.35072213839,1.0,1.37204328133
SonyA57_0121.PNG
2.88474409888,1.0,1.42951907131
SonyA57_0182.PNG
1.75384103389,1.0,2.69726179306
FujifilmXM1_0105.PNG
1.84200656353,1.0,1.72412784319
OlympusEPL6_0076.PNG
1.97823362172,1.0,1.96812555126
OlympusEPL6_0099.PNG
1.20802218903,1.0,3.24163398506
NikonD5200_0058.PNG
2.77851371043,1.0,1.46350823332
OlympusEPL6_0141.PNG
1.20860330297,1.0,4.32589363557
OlympusEPL6_0045.PNG
1.96175208281,1.0,1.85675029869
NikonD5200_0047.PNG
2.96807359307,1.0,1.77508090615
SonyA57_0162.PNG
3.14196642686,1.0,1.38704213424
PanasonicGX1_0199.PNG
2.3842865566,1.0,1.52906885143
SonyA57_0026.PNG
2.85006221485,1.0,1.51154861417
SonyA57_0231.PNG
2.7051686252,1.0,1.59953677551
Canon600D_0177.PNG
2.27237966712,1.0,1.48529844163
Canon600D_0053.PNG
2.24592134639,1.0,1.75885952525
Canon600D_0056.PNG
2.23221525986,1.0,1.45993043358
PanasonicGX1_0135.PNG
1.33678541839,1.0,2.94873747373
Canon1DsMkIII_0068.PNG
1.29952895539,1.0,2.83726557774
Canon1DsMkIII_0141.PNG
2.19894616918,1.0,1.39045475011
Canon1DsMkIII_0181.PNG
1.24202103198,1.0,2.79251395878
Canon600D_0155.PNG
1.533437014,1.0,1.5187403731
Canon1DsMkIII_0148.PNG
1.85151515152,1.0,1.71131339402
FujifilmXM1_0044.PNG
1.07184228113,1.0,4.82839939789
SamsungNX2000_0181.PNG
2.51257457013,1.0,1.57524200645
FujifilmXM1_0046.PNG
2.28837522442,1.0,1.84661354582
Canon1DsMkIII_0047.PNG
2.1850975754,1.0,1.42705416626
SonyA57_0022.PNG
2.91572041383,1.0,1.53827379632
Canon1DsMkIII_0032.PNG
2.06956248033,1.0,1.45632143174
Canon600D_0105.PNG
2.22904647016,1.0,1.47863753392
PanasonicGX1_0022.PNG
2.34274628153,1.0,1.4764298329
SamsungNX2000_0163.PNG
2.46914664676,1.0,1.64684515789
Canon600D_0198.PNG
2.13982991775,1.0,1.52166154456
SonyA57_0219.PNG
2.80553567168,1.0,1.52132284443
Canon600D_0132.PNG
1.63354290847,1.0,2.0961860855
FujifilmXM1_0161.PNG
1.86558791802,1.0,1.71840222576
FujifilmXM1_0069.PNG
1.97447007066,1.0,1.7256626857
SonyA57_0170.PNG
3.02610548748,1.0,1.41286503159
SamsungNX2000_0069.PNG
2.19931047941,1.0,1.97413365253
OlympusEPL6_0115.PNG
2.14658489658,1.0,2.2065512979
Canon1DsMkIII_0184.PNG
2.20540061974,1.0,1.44615384615
NikonD5200_0048.PNG
2.21204071277,1.0,2.16803674341
SamsungNX2000_0015.PNG
2.39432033321,1.0,1.57251566697
Canon1DsMkIII_0208.PNG
2.34060776722,1.0,1.28504251482
SonyA57_0260.PNG
2.84622275306,1.0,1.55311753204
SamsungNX2000_0128.PNG
1.36434478372,1.0,3.51367955439
Canon1DsMkIII_0062.PNG
2.10537151413,1.0,1.45929817734
NikonD5200_0105.PNG
2.60860623319,1.0,1.49478741728
SamsungNX2000_0168.PNG
2.56887824525,1.0,1.61019377729
OlympusEPL6_0019.PNG
2.04735407677,1.0,1.78930131004
Canon600D_0131.PNG
1.42758103804,1.0,2.44355355997
OlympusEPL6_0119.PNG
1.94302013423,1.0,1.76422912858
PanasonicGX1_0070.PNG
2.53520958084,1.0,1.47622036262
PanasonicGX1_0017.PNG
2.37579520196,1.0,1.46267459419
PanasonicGX1_0128.PNG
1.72226481218,1.0,2.39506548888
FujifilmXM1_0107.PNG
1.86856567846,1.0,1.77408686705
Canon600D_0141.PNG
2.17578010369,1.0,1.52663006177
FujifilmXM1_0065.PNG
1.47317780414,1.0,2.34146852414
SamsungNX2000_0003.PNG
2.80178629076,1.0,1.34871794872
SamsungNX2000_0080.PNG
2.09075586672,1.0,1.92618251314
Canon600D_0005.PNG
2.10216041718,1.0,1.58255440066
PanasonicGX1_0015.PNG
2.33333333333,1.0,1.47237446304
Canon600D_0125.PNG
2.14553941909,1.0,1.50061670173
SonyA57_0099.PNG
1.7071884984,1.0,3.10262737698
SamsungNX2000_0021.PNG
2.43548882121,1.0,1.54871640895
NikonD5200_0081.PNG
2.29001940954,1.0,1.86481989851
PanasonicGX1_0178.PNG
2.4665696163,1.0,1.46988474408
OlympusEPL6_0155.PNG
1.98016336056,1.0,1.86647602288
Canon1DsMkIII_0238.PNG
2.33944954128,1.0,1.282212445
Canon1DsMkIII_0014.PNG
2.1949825649,1.0,1.39675788955
PanasonicGX1_0053.PNG
1.20068980384,1.0,3.42389968035
OlympusEPL6_0178.PNG
2.03833345143,1.0,1.67591028255
Canon1DsMkIII_0114.PNG
2.08265170249,1.0,1.50816171913
SamsungNX2000_0193.PNG
2.49509008624,1.0,1.97699594046
SonyA57_0225.PNG
1.66458658346,1.0,2.73379451704
PanasonicGX1_0093.PNG
1.20626127287,1.0,2.88482869115
OlympusEPL6_0124.PNG
1.94969226652,1.0,1.74850011999
FujifilmXM1_0158.PNG
1.82100027255,1.0,1.74616138517
OlympusEPL6_0144.PNG
2.00200361944,1.0,1.78530259366
SamsungNX2000_0165.PNG
2.39774731213,1.0,1.69118630467
PanasonicGX1_0048.PNG
1.04350791053,1.0,3.58814425737
SonyA57_0065.PNG
2.7822129374,1.0,1.47712418301
NikonD5200_0045.PNG
1.18278451762,1.0,5.10930325414
Canon1DsMkIII_0048.PNG
2.19109166832,1.0,1.4087189977
Canon600D_0157.PNG
2.19913606911,1.0,1.43206751055
Canon600D_0165.PNG
2.17001198322,1.0,1.48813559322
SonyA57_0002.PNG
2.81202645821,1.0,1.54163644755
Canon600D_0199.PNG
2.17105110673,1.0,1.5002802915
SonyA57_0027.PNG
3.21154907129,1.0,1.30482428831
Canon600D_0070.PNG
1.92218690401,1.0,1.81837863844
SonyA57_0047.PNG
2.48471836322,1.0,1.76006441224
FujifilmXM1_0125.PNG
1.21688034188,1.0,2.81763308925
Canon1DsMkIII_0173.PNG
0.97849025974,1.0,3.04804045512
Canon600D_0049.PNG
1.90110935024,1.0,2.00803481754
FujifilmXM1_0055.PNG
2.07355942308,1.0,1.5402827457
NikonD5200_0040.PNG
2.42269163763,1.0,1.56403767749
OlympusEPL6_0010.PNG
2.1088691796,1.0,1.69808962685
OlympusEPL6_0181.PNG
1.7309895319,1.0,2.21173501577
PanasonicGX1_0138.PNG
1.22554959321,1.0,2.97179314976
OlympusEPL6_0004.PNG
2.27358490566,1.0,1.56730977672
Canon1DsMkIII_0244.PNG
2.29329962073,1.0,1.32650822669
NikonD5200_0069.PNG
2.26533029613,1.0,1.91408114558
Canon1DsMkIII_0078.PNG
2.23510773131,1.0,1.44312602291
FujifilmXM1_0194.PNG
1.92255856804,1.0,1.69014671171
Canon1DsMkIII_0036.PNG
2.2445128556,1.0,1.34587905514
FujifilmXM1_0188.PNG
1.80825740786,1.0,1.75202799427
SonyA57_0254.PNG
2.78842658783,1.0,1.50516677567
SamsungNX2000_0005.PNG
2.35885067512,1.0,1.63005249344
SonyA57_0204.PNG
2.80798719915,1.0,1.49738685249
NikonD5200_0038.PNG
2.58638228056,1.0,1.51883611138
Canon1DsMkIII_0124.PNG
2.17846153846,1.0,1.40708843988
SamsungNX2000_0116.PNG
1.54526683609,1.0,2.91636690647
SonyA57_0112.PNG
1.26337955164,1.0,4.14431455898
SonyA57_0184.PNG
3.36746286047,1.0,1.43796255986
Canon1DsMkIII_0178.PNG
1.12126729789,1.0,3.10539586485
Canon600D_0185.PNG
2.23323923783,1.0,1.44448248317
FujifilmXM1_0121.PNG
1.58895808786,1.0,2.83058470765
SonyA57_0223.PNG
3.00438596491,1.0,1.43893822209
SonyA57_0140.PNG
2.76785714286,1.0,1.57560355781
OlympusEPL6_0094.PNG
0.962856511165,1.0,3.64130434783
SonyA57_0152.PNG
1.42051683634,1.0,3.89270386266
Canon600D_0035.PNG
1.30214797136,1.0,3.32480195003
FujifilmXM1_0028.PNG
1.93016928658,1.0,1.72293992647
PanasonicGX1_0058.PNG
2.45558375635,1.0,1.44640454478
SonyA57_0214.PNG
2.73973381868,1.0,1.50020243545
Canon1DsMkIII_0158.PNG
2.01493492639,1.0,1.59284870973
NikonD5200_0066.PNG
2.01730813027,1.0,2.0886583353
Canon1DsMkIII_0221.PNG
1.24478095594,1.0,3.34141853463
PanasonicGX1_0112.PNG
2.35595633602,1.0,1.67816091954
SamsungNX2000_0190.PNG
2.59633413462,1.0,1.44869559386
Canon1DsMkIII_0099.PNG
2.49110022697,1.0,1.15920840514
PanasonicGX1_0109.PNG
2.32988481229,1.0,1.44191419142
PanasonicGX1_0073.PNG
2.37745901639,1.0,1.55673035638
Canon600D_0106.PNG
2.12872375508,1.0,1.49686944423
OlympusEPL6_0139.PNG
1.25278106509,1.0,3.908003544
OlympusEPL6_0170.PNG
2.01994474184,1.0,1.77908745247
Canon600D_0064.PNG
1.89113406743,1.0,1.7682836217
SonyA57_0005.PNG
2.90962233674,1.0,1.38154194514
OlympusEPL6_0068.PNG
1.92400456988,1.0,1.79801494721
NikonD5200_0064.PNG
2.51768229467,1.0,1.53785533352
SonyA57_0186.PNG
2.93258886014,1.0,1.46719356817
OlympusEPL6_0166.PNG
1.97649432092,1.0,1.81287961064
OlympusEPL6_0039.PNG
2.00723450723,1.0,1.77714665539
PanasonicGX1_0075.PNG
2.11178553364,1.0,1.67133706966
FujifilmXM1_0149.PNG
1.39417457999,1.0,1.73117913832
Canon1DsMkIII_0235.PNG
1.85505176723,1.0,1.83799080297
Canon600D_0096.PNG
1.2359627188,1.0,2.79753022897
OlympusEPL6_0154.PNG
1.97746604984,1.0,1.75196668209
Canon1DsMkIII_0046.PNG
2.23327110856,1.0,1.43314596388
NikonD5200_0049.PNG
1.89929058283,1.0,2.37275175949
Canon1DsMkIII_0180.PNG
2.37391594396,1.0,1.31698741673
FujifilmXM1_0183.PNG
2.08994501178,1.0,1.50502050629
Canon1DsMkIII_0026.PNG
2.0865974221,1.0,1.51954798141
NikonD5200_0033.PNG
2.85867662504,1.0,1.46832104538
NikonD5200_0121.PNG
1.32267884323,1.0,3.10883072868
Canon600D_0040.PNG
2.20888671875,1.0,1.47077183172
SamsungNX2000_0172.PNG
2.47326277036,1.0,1.4817755721
SamsungNX2000_0124.PNG
2.35704171659,1.0,1.5598925952
NikonD5200_0003.PNG
2.43932869604,1.0,1.67498104625
OlympusEPL6_0125.PNG
2.01349340212,1.0,1.71517917512
PanasonicGX1_0176.PNG
2.12342507645,1.0,1.72588983893
Canon600D_0144.PNG
2.22958407723,1.0,1.47963840618
FujifilmXM1_0085.PNG
1.07870894677,1.0,4.29054054054
Canon600D_0082.PNG
2.10415375077,1.0,1.68960796515
Canon1DsMkIII_0129.PNG
2.17140482128,1.0,1.42883710754
OlympusEPL6_0165.PNG
1.28621223857,1.0,2.75340518773
PanasonicGX1_0192.PNG
2.64611416614,1.0,1.29634044582
Canon1DsMkIII_0159.PNG
2.19965724079,1.0,1.50881661442
PanasonicGX1_0183.PNG
2.22008418521,1.0,1.56540173839
FujifilmXM1_0091.PNG
0.893285714286,1.0,3.9688987623
Canon1DsMkIII_0139.PNG
2.19434508602,1.0,1.40506053005
PanasonicGX1_0179.PNG
2.59879306989,1.0,1.45266594124
OlympusEPL6_0118.PNG
2.33404940924,1.0,1.58555271799
FujifilmXM1_0015.PNG
1.96239846673,1.0,1.67656920078
PanasonicGX1_0180.PNG
2.37311241611,1.0,1.54735042735
SonyA57_0130.PNG
2.70099938813,1.0,1.46628529249
FujifilmXM1_0177.PNG
1.8405462589,1.0,1.72228221742
NikonD5200_0012.PNG
2.63057257179,1.0,1.5986658059
OlympusEPL6_0023.PNG
2.03273577553,1.0,1.76574136764
SonyA57_0102.PNG
2.70743288488,1.0,1.47732934728
OlympusEPL6_0018.PNG
2.01941625955,1.0,1.76998243303
NikonD5200_0015.PNG
2.60814111262,1.0,1.57600437278
FujifilmXM1_0021.PNG
1.76546582017,1.0,1.82927295674
OlympusEPL6_0133.PNG
1.36608421656,1.0,3.5797928239
PanasonicGX1_0148.PNG
2.50696699602,1.0,1.45365918803
OlympusEPL6_0073.PNG
1.63455424415,1.0,2.39447492663
NikonD5200_0057.PNG
2.51699937191,1.0,1.52776396486
Canon1DsMkIII_0087.PNG
2.25340678458,1.0,1.40137035701
SonyA57_0117.PNG
1.50642494272,1.0,3.99445324881
NikonD5200_0056.PNG
2.59454469157,1.0,1.52210733629
OlympusEPL6_0046.PNG
1.77383015598,1.0,1.99124513619
Canon600D_0020.PNG
2.24398216939,1.0,1.43038454253
Canon1DsMkIII_0222.PNG
2.05823321555,1.0,1.4495321521
SonyA57_0120.PNG
2.76522584637,1.0,1.45753156595
PanasonicGX1_0149.PNG
2.28219218773,1.0,1.49358475894
Canon600D_0080.PNG
2.44065415872,1.0,1.30106434187
Canon1DsMkIII_0140.PNG
2.26332192306,1.0,1.32575190783
Canon600D_0083.PNG
1.75675130996,1.0,1.92619600044
PanasonicGX1_0041.PNG
2.39721410919,1.0,1.47702104097
PanasonicGX1_0169.PNG
2.53893008475,1.0,1.36269307306
NikonD5200_0093.PNG
1.38450270983,1.0,3.00349539244
OlympusEPL6_0129.PNG
2.12230443306,1.0,1.58601134216
PanasonicGX1_0203.PNG
2.195998446,1.0,1.54529610771
Canon600D_0164.PNG
2.09166666667,1.0,1.5584283199
NikonD5200_0032.PNG
2.56364857439,1.0,1.56952404685
SonyA57_0193.PNG
2.03724229661,1.0,2.48512709573
OlympusEPL6_0147.PNG
2.0016646849,1.0,1.73904958678
SamsungNX2000_0037.PNG
2.58273354604,1.0,1.51518119491
SamsungNX2000_0150.PNG
2.50061524831,1.0,1.60648221344
PanasonicGX1_0051.PNG
1.79248409332,1.0,2.03698124576
SamsungNX2000_0131.PNG
1.7158203125,1.0,2.31722864554
PanasonicGX1_0047.PNG
1.15787659428,1.0,3.74972091985
Canon1DsMkIII_0189.PNG
2.20199778024,1.0,1.42222222222
PanasonicGX1_0201.PNG
2.30066183423,1.0,1.50106925481
Canon600D_0161.PNG
2.15273226932,1.0,1.5140499554
Canon1DsMkIII_0207.PNG
1.6576433121,1.0,2.0562962963
SonyA57_0176.PNG
2.83416278696,1.0,1.90380675078
Canon600D_0061.PNG
2.36948102246,1.0,1.37844536237
NikonD5200_0116.PNG
1.48008600889,1.0,2.88090935033
FujifilmXM1_0179.PNG
1.96281325788,1.0,1.6734825162
NikonD5200_0091.PNG
1.21581327824,1.0,3.38315724052
PanasonicGX1_0198.PNG
2.49747037528,1.0,1.51859447635
Canon1DsMkIII_0069.PNG
1.34594903005,1.0,2.19714374418
Canon600D_0121.PNG
1.58373053702,1.0,2.57438016529
OlympusEPL6_0082.PNG
2.04867097701,1.0,1.64200374262
Canon600D_0042.PNG
2.12177985948,1.0,1.54081632653
SonyA57_0268.PNG
2.71804855703,1.0,1.53122580645
SamsungNX2000_0089.PNG
1.37899945025,1.0,3.03027374423
SamsungNX2000_0079.PNG
2.86113620962,1.0,1.35740120563
Canon1DsMkIII_0155.PNG
2.1403070332,1.0,1.51121754474
SonyA57_0159.PNG
1.63123844732,1.0,2.89107289107
SonyA57_0111.PNG
1.42253118206,1.0,4.32324813076
Canon1DsMkIII_0056.PNG
2.15132468235,1.0,1.43596336897
Canon1DsMkIII_0054.PNG
2.15097922205,1.0,1.49568071221
PanasonicGX1_0036.PNG
1.2764290212,1.0,2.90347736134
SonyA57_0229.PNG
2.63550135501,1.0,1.58646003263
SonyA57_0118.PNG
2.98752809484,1.0,1.71122049729
Canon1DsMkIII_0209.PNG
2.10243435449,1.0,1.45701829211
NikonD5200_0089.PNG
1.29480298468,1.0,3.25661793757
OlympusEPL6_0172.PNG
1.87815361615,1.0,1.87465025182
OlympusEPL6_0013.PNG
1.98151772124,1.0,1.78814834195
SamsungNX2000_0161.PNG
2.54482527632,1.0,1.54389054457
Canon600D_0126.PNG
1.55015687272,1.0,2.70149253731
SamsungNX2000_0176.PNG
2.48430088096,1.0,1.57262561844
SonyA57_0071.PNG
2.33999933229,1.0,1.98005537036
FujifilmXM1_0072.PNG
1.75753759538,1.0,1.88480635551
PanasonicGX1_0016.PNG
2.35025786301,1.0,1.45537963296
SonyA57_0226.PNG
1.70879660754,1.0,2.23686704576
FujifilmXM1_0135.PNG
1.95596986129,1.0,1.64435717944
OlympusEPL6_0100.PNG
1.10000973331,1.0,3.57812252652
OlympusEPL6_0110.PNG
1.97206359006,1.0,1.73718558804
Canon600D_0197.PNG
2.10624520746,1.0,1.5459320868
SonyA57_0183.PNG
1.72172535867,1.0,2.77638398558
Canon1DsMkIII_0232.PNG
2.14869482028,1.0,1.41876099806
NikonD5200_0083.PNG
2.36307214895,1.0,1.65520988996
OlympusEPL6_0104.PNG
1.04399748586,1.0,3.81160002295
NikonD5200_0101.PNG
2.48535166579,1.0,1.68367127606
OlympusEPL6_0140.PNG
1.13789945976,1.0,4.40986515259
Canon1DsMkIII_0081.PNG
2.19273801984,1.0,1.34791071892
OlympusEPL6_0051.PNG
2.26259649123,1.0,2.03060838897
SonyA57_0195.PNG
1.68821067447,1.0,3.38809187542
Canon1DsMkIII_0229.PNG
2.1856499594,1.0,1.40975098795
FujifilmXM1_0154.PNG
1.20417758594,1.0,2.49808122801
PanasonicGX1_0014.PNG
2.37765283497,1.0,1.47579257803
Canon1DsMkIII_0165.PNG
1.83859223301,1.0,1.75387821255
Canon600D_0183.PNG
2.21400038045,1.0,1.48399846997
FujifilmXM1_0180.PNG
2.027832645,1.0,1.5973125884
OlympusEPL6_0098.PNG
1.02165137615,1.0,4.11834319527
PanasonicGX1_0141.PNG
2.35458538533,1.0,1.52763385147
FujifilmXM1_0190.PNG
1.9319588358,1.0,1.66164796058
FujifilmXM1_0166.PNG
1.87493579866,1.0,1.78924151452
OlympusEPL6_0091.PNG
1.13720066687,1.0,4.71457744266
SonyA57_0090.PNG
2.75967174678,1.0,1.55729028844
OlympusEPL6_0062.PNG
2.06684015888,1.0,1.66703490941
Canon1DsMkIII_0076.PNG
1.93273883589,1.0,1.53057425959
SamsungNX2000_0058.PNG
2.62010065579,1.0,1.50152949745
SonyA57_0160.PNG
1.44128095288,1.0,3.03576144366
FujifilmXM1_0039.PNG
1.83739837398,1.0,1.7276306234
OlympusEPL6_0145.PNG
1.93277656642,1.0,1.87619808307
Canon600D_0079.PNG
2.29665717284,1.0,1.40850379223
FujifilmXM1_0110.PNG
2.23770426465,1.0,1.54777526603
SonyA57_0138.PNG
2.69760696157,1.0,1.64447145936
SamsungNX2000_0201.PNG
2.45221553701,1.0,1.66335963923
SamsungNX2000_0026.PNG
2.33769111456,1.0,1.74433023781
NikonD5200_0109.PNG
2.81496350365,1.0,1.93163035312
PanasonicGX1_0108.PNG
2.38960392519,1.0,1.51162790698
OlympusEPL6_0180.PNG
1.81310043668,1.0,2.12879409352
FujifilmXM1_0129.PNG
1.04256406979,1.0,4.02491981248
SamsungNX2000_0008.PNG
2.59753370392,1.0,1.51242559524
NikonD5200_0010.PNG
2.75185805731,1.0,1.4538129823
Canon600D_0158.PNG
0.934170854271,1.0,2.69811320755
SonyA57_0137.PNG
2.86333429645,1.0,1.57114546175
OlympusEPL6_0131.PNG
1.43095004897,1.0,3.44270986745
PanasonicGX1_0111.PNG
2.41793159279,1.0,1.79636126704
SamsungNX2000_0078.PNG
2.50931386115,1.0,1.56152297176
SamsungNX2000_0091.PNG
1.28737469127,1.0,3.26347967001
SonyA57_0196.PNG
1.62772109949,1.0,3.03109874153
Canon1DsMkIII_0113.PNG
2.09937888199,1.0,1.53149071137
SonyA57_0064.PNG
2.76103455899,1.0,1.58114608828
SonyA57_0207.PNG
2.78927003497,1.0,1.52409026225
SonyA57_0206.PNG
2.73981461522,1.0,1.54466275066
OlympusEPL6_0103.PNG
1.21765339074,1.0,3.25487713644
Canon600D_0077.PNG
2.25116588941,1.0,1.49612574718
PanasonicGX1_0131.PNG
1.29518292238,1.0,2.78790736666
SonyA57_0017.PNG
2.64187418087,1.0,1.65723485887
FujifilmXM1_0185.PNG
2.13006330012,1.0,1.43699731903
Canon600D_0175.PNG
2.24404134149,1.0,1.40895245663
SonyA57_0001.PNG
2.0701754386,1.0,2.70500897373
SonyA57_0155.PNG
1.5784396683,1.0,2.97511961722
Canon1DsMkIII_0063.PNG
2.18049234588,1.0,1.42026544499
PanasonicGX1_0170.PNG
2.47025832767,1.0,1.48210461915
SonyA57_0008.PNG
2.97990325245,1.0,1.34774101743
SamsungNX2000_0153.PNG
2.45831900997,1.0,1.62473020561
FujifilmXM1_0114.PNG
1.8325638658,1.0,1.67247191011
Canon600D_0117.PNG
1.42121248213,1.0,2.59712699967
Canon1DsMkIII_0104.PNG
2.15207002814,1.0,1.38020221694
FujifilmXM1_0106.PNG
1.97378435518,1.0,1.63140726934
SonyA57_0025.PNG
2.6433915212,1.0,1.5895720383
PanasonicGX1_0044.PNG
2.06473789745,1.0,1.64923921748
Canon600D_0184.PNG
2.24931129477,1.0,1.42123585727
Canon1DsMkIII_0218.PNG
1.30188062142,1.0,3.44731524249
OlympusEPL6_0048.PNG
2.04147860793,1.0,1.80281968509
OlympusEPL6_0032.PNG
1.9667801793,1.0,1.82686721322
SonyA57_0148.PNG
2.20221678722,1.0,1.93454013531
Canon1DsMkIII_0097.PNG
2.31969256336,1.0,1.26342585609
SonyA57_0003.PNG
3.04993705413,1.0,1.52624947501
Canon1DsMkIII_0007.PNG
1.33571650606,1.0,2.89555256065
Canon1DsMkIII_0064.PNG
1.43508442777,1.0,1.4109942815
NikonD5200_0046.PNG
1.02490458633,1.0,4.58236927348
SamsungNX2000_0041.PNG
2.4096163186,1.0,1.61388328671
Canon1DsMkIII_0118.PNG
1.38092147956,1.0,3.20844327177
PanasonicGX1_0162.PNG
2.29143458349,1.0,1.51307723743
SamsungNX2000_0152.PNG
2.45853960396,1.0,1.61111111111
SonyA57_0221.PNG
1.87231270358,1.0,1.56493329703
SonyA57_0265.PNG
2.78193420618,1.0,1.55566493371
OlympusEPL6_0044.PNG
1.89196525516,1.0,1.81079275534
SamsungNX2000_0098.PNG
1.21937416778,1.0,3.43846803717
Canon1DsMkIII_0202.PNG
2.37048253584,1.0,1.37385911538
Canon1DsMkIII_0169.PNG
1.87960115553,1.0,1.70325958453
Canon1DsMkIII_0194.PNG
2.22357263991,1.0,1.85367577757
SamsungNX2000_0004.PNG
2.47199490371,1.0,1.60850711052
SamsungNX2000_0175.PNG
2.18638762735,1.0,2.02771927827
Canon600D_0176.PNG
2.23797282409,1.0,1.45754604162
Canon600D_0099.PNG
1.11963797095,1.0,3.06841255192
Canon1DsMkIII_0034.PNG
2.31557240737,1.0,1.33525124664
Canon600D_0186.PNG
2.21020504919,1.0,1.51655009759
SamsungNX2000_0072.PNG
2.41622945086,1.0,1.81789473684
SonyA57_0201.PNG
1.45408352956,1.0,3.5727771011
SonyA57_0173.PNG
2.87237512742,1.0,1.50467239814
NikonD5200_0102.PNG
2.63937906329,1.0,1.49122938531
SonyA57_0131.PNG
2.23068378178,1.0,1.98560755878
Canon600D_0178.PNG
2.16784612593,1.0,1.486869944
SonyA57_0233.PNG
3.08427318296,1.0,1.3620641948
Canon1DsMkIII_0138.PNG
2.18379753994,1.0,1.37984634626
PanasonicGX1_0177.PNG
2.06127150448,1.0,1.86530152486
SamsungNX2000_0086.PNG
1.29889752173,1.0,3.87148741419
OlympusEPL6_0137.PNG
1.49600319744,1.0,2.49933226496
FujifilmXM1_0009.PNG
2.08072157434,1.0,1.5727566972
SamsungNX2000_0192.PNG
2.45674656284,1.0,1.61090102596
PanasonicGX1_0126.PNG
2.51398038597,1.0,1.49305213364
SamsungNX2000_0076.PNG
2.49234096234,1.0,1.58752630572
SonyA57_0167.PNG
2.73592258232,1.0,1.46853756319
Canon600D_0128.PNG
1.46879293425,1.0,2.87826923077
FujifilmXM1_0167.PNG
2.00303407921,1.0,1.5856744585
OlympusEPL6_0203.PNG
2.05280392959,1.0,1.68486477406
PanasonicGX1_0045.PNG
2.30075939249,1.0,1.4893919793
SamsungNX2000_0170.PNG
1.47120730739,1.0,3.29532987398
SonyA57_0191.PNG
2.72419820641,1.0,1.54604270002
SonyA57_0242.PNG
2.8868740116,1.0,1.44564700913
PanasonicGX1_0061.PNG
3.02621770707,1.0,1.32658015125
Canon600D_0046.PNG
1.2171188323,1.0,3.90010167768
FujifilmXM1_0118.PNG
2.07582938389,1.0,1.51898734177
Canon1DsMkIII_0231.PNG
2.03033707865,1.0,1.47725547445
OlympusEPL6_0026.PNG
1.96412414933,1.0,1.87143928036
PanasonicGX1_0147.PNG
2.53897345393,1.0,1.47176044331
SonyA57_0158.PNG
1.33072301357,1.0,3.23041625696
Canon600D_0031.PNG
2.30257041291,1.0,1.42382482246
Canon1DsMkIII_0190.PNG
2.15856481481,1.0,1.43021472393
Canon1DsMkIII_0213.PNG
1.29979950466,1.0,3.40259339302
SamsungNX2000_0182.PNG
2.29492499202,1.0,1.66655629139
Canon1DsMkIII_0245.PNG
2.13954953536,1.0,1.42951854775
SamsungNX2000_0139.PNG
2.46667453108,1.0,1.62470862471
Canon1DsMkIII_0250.PNG
2.16159739958,1.0,1.40985840842
SonyA57_0200.PNG
1.66055598118,1.0,3.44359963686
FujifilmXM1_0004.PNG
2.2061049445,1.0,1.45774295716
Canon600D_0028.PNG
2.15400443178,1.0,1.56209825528
PanasonicGX1_0019.PNG
2.27619598208,1.0,1.49648422653
SamsungNX2000_0049.PNG
1.94238530408,1.0,2.28098273138
Canon1DsMkIII_0154.PNG
1.90901797176,1.0,1.73173216885
SonyA57_0024.PNG
2.17572692794,1.0,2.58796992481
OlympusEPL6_0153.PNG
1.95863810977,1.0,1.77162168594
OlympusEPL6_0052.PNG
1.86408390411,1.0,2.43132328308
SonyA57_0172.PNG
2.91869850345,1.0,1.45830707834
Canon1DsMkIII_0045.PNG
1.90809692671,1.0,1.70594451783
Canon1DsMkIII_0082.PNG
1.94377990431,1.0,1.62744116174
NikonD5200_0090.PNG
1.09644162339,1.0,3.66679531712
SonyA57_0011.PNG
3.00246246723,1.0,1.66218117854
FujifilmXM1_0102.PNG
1.87934042063,1.0,1.69260412035
PanasonicGX1_0142.PNG
2.47742261645,1.0,1.50215967675
Canon1DsMkIII_0107.PNG
2.09105180534,1.0,1.46480938416
SonyA57_0059.PNG
2.73848809113,1.0,1.55893102771
SonyA57_0133.PNG
2.68370387348,1.0,1.4683972912
Canon1DsMkIII_0242.PNG
1.77644841432,1.0,1.93899821109
SonyA57_0081.PNG
2.7698872295,1.0,1.47476605182
NikonD5200_0021.PNG
2.69053885211,1.0,1.4659617613
SonyA57_0034.PNG
2.99457491082,1.0,1.34788426158
SamsungNX2000_0081.PNG
2.31075991433,1.0,1.88018267035
OlympusEPL6_0123.PNG
2.21712644678,1.0,1.7384510406
OlympusEPL6_0176.PNG
1.31427035913,1.0,4.01361266654
SamsungNX2000_0105.PNG
2.53526370217,1.0,1.52235469449
FujifilmXM1_0067.PNG
2.00803833668,1.0,1.60827039742
NikonD5200_0054.PNG
2.61037934668,1.0,1.53770949721
PanasonicGX1_0151.PNG
2.38047855958,1.0,1.5219630415
Canon600D_0142.PNG
2.22332407775,1.0,1.46740553277
FujifilmXM1_0101.PNG
1.90706904298,1.0,1.63722275796
FujifilmXM1_0117.PNG
1.56221173442,1.0,2.31109171692
SamsungNX2000_0144.PNG
2.60819208001,1.0,1.57073105922
SonyA57_0091.PNG
2.80941935143,1.0,1.50289834582
PanasonicGX1_0023.PNG
2.13804074268,1.0,1.6114889048
Canon600D_0097.PNG
2.37482269504,1.0,1.38539511791
Canon600D_0118.PNG
2.45010183299,1.0,1.46350364964
SonyA57_0203.PNG
1.51959054006,1.0,3.22955738935
Canon600D_0002.PNG
2.12179600495,1.0,1.5750934978
PanasonicGX1_0114.PNG
2.81060123835,1.0,1.37475233513
PanasonicGX1_0002.PNG
2.29523252901,1.0,1.5756591517
SamsungNX2000_0001.PNG
2.40576027107,1.0,1.70750037577
Canon600D_0014.PNG
2.18944417857,1.0,1.45800136581
SamsungNX2000_0154.PNG
1.49321821132,1.0,1.78103202717
PanasonicGX1_0182.PNG
2.35028976175,1.0,1.54433406917
Canon1DsMkIII_0061.PNG
2.06131578947,1.0,1.51187029531
SamsungNX2000_0035.PNG
2.56890288205,1.0,1.53413364189
NikonD5200_0029.PNG
2.55458729071,1.0,1.61049382716
NikonD5200_0079.PNG
2.96164835165,1.0,1.33918012422
OlympusEPL6_0075.PNG
2.02985770935,1.0,1.86458110135
Canon1DsMkIII_0240.PNG
2.01103955842,1.0,1.52306191648
OlympusEPL6_0043.PNG
2.00446770913,1.0,1.77528421674
Canon1DsMkIII_0112.PNG
2.101728535,1.0,1.52801812938
Canon1DsMkIII_0004.PNG
2.27173357851,1.0,1.49228291504
Canon600D_0173.PNG
1.93313069909,1.0,1.77338403042
Canon1DsMkIII_0182.PNG
1.05217096336,1.0,3.41909171076
SamsungNX2000_0082.PNG
1.94870415209,1.0,2.05732680063
SamsungNX2000_0121.PNG
1.35478320716,1.0,2.93795007649
PanasonicGX1_0097.PNG
1.26546427102,1.0,2.77572202166
SonyA57_0230.PNG
2.86724620598,1.0,1.48097412481
SonyA57_0097.PNG
3.00560348006,1.0,1.40811744387
FujifilmXM1_0113.PNG
1.22807493891,1.0,3.03129817036
OlympusEPL6_0116.PNG
2.0783257356,1.0,2.111134498
Canon1DsMkIII_0088.PNG
2.12699412259,1.0,1.42980104417
FujifilmXM1_0170.PNG
1.59965362967,1.0,2.08738229755
Canon1DsMkIII_0149.PNG
2.10651902682,1.0,1.41701636593
OlympusEPL6_0071.PNG
1.89294581569,1.0,1.81857724148
SamsungNX2000_0101.PNG
2.41549037953,1.0,1.7826478535
Canon1DsMkIII_0019.PNG
2.20705689278,1.0,1.44166517777
Canon600D_0148.PNG
2.16847884595,1.0,1.4823018618
SamsungNX2000_0184.PNG
2.42642418679,1.0,1.63997673517
SamsungNX2000_0197.PNG
2.56411430665,1.0,1.60646142369
OlympusEPL6_0183.PNG
2.07456140351,1.0,1.65460076046
FujifilmXM1_0001.PNG
1.81342695422,1.0,2.15001698947
OlympusEPL6_0202.PNG
1.9475464309,1.0,1.78003145507
SamsungNX2000_0117.PNG
2.82964502359,1.0,1.64288276537
SamsungNX2000_0157.PNG
0.926312594841,1.0,2.89143615006
SamsungNX2000_0195.PNG
2.42875919349,1.0,1.66987117862
Canon600D_0163.PNG
2.40683403068,1.0,1.32308517979
PanasonicGX1_0025.PNG
2.31080243894,1.0,1.54367240253
SamsungNX2000_0099.PNG
2.52556683427,1.0,1.74880115615
Canon1DsMkIII_0031.PNG
2.18429802025,1.0,1.38882482944
Canon1DsMkIII_0132.PNG
2.3249551167,1.0,1.59482758621
OlympusEPL6_0009.PNG
2.02035483427,1.0,1.77030609785
Canon600D_0069.PNG
2.23224618622,1.0,1.43701320691
NikonD5200_0108.PNG
2.48092816275,1.0,1.58928935044
Canon600D_0081.PNG
1.87643861893,1.0,1.81718266254
SonyA57_0079.PNG
3.05147261217,1.0,1.43155991736
Canon1DsMkIII_0200.PNG
1.31820717872,1.0,2.7487073423
Canon600D_0193.PNG
2.11293565684,1.0,1.53918138172
FujifilmXM1_0152.PNG
0.741479962133,1.0,3.2692173913
SonyA57_0205.PNG
2.90285006196,1.0,1.47364227301
FujifilmXM1_0075.PNG
1.99965934253,1.0,1.64691028968
Canon1DsMkIII_0226.PNG
2.12581679933,1.0,1.38974757282
Canon1DsMkIII_0152.PNG
2.18161865569,1.0,1.38271604938
Canon600D_0088.PNG
2.36064744562,1.0,1.50209205021
OlympusEPL6_0003.PNG
1.89084679393,1.0,1.88927471023
OlympusEPL6_0206.PNG
1.95254722894,1.0,1.80499917232
FujifilmXM1_0027.PNG
1.83360964582,1.0,1.74563090079
FujifilmXM1_0133.PNG
1.95585010963,1.0,1.64088628763
SamsungNX2000_0022.PNG
2.26506899056,1.0,1.74929893438
OlympusEPL6_0193.PNG
2.01882119861,1.0,1.76940441049
SamsungNX2000_0164.PNG
2.41341251905,1.0,1.55740206885
SonyA57_0104.PNG
2.72,1.0,1.49275832954
OlympusEPL6_0011.PNG
1.92947737699,1.0,1.82428984521
SamsungNX2000_0118.PNG
2.3263503216,1.0,1.62827698427
SonyA57_0194.PNG
1.84970104022,1.0,3.14395099541
FujifilmXM1_0088.PNG
1.00684334951,1.0,3.20983736612
Canon1DsMkIII_0214.PNG
1.27693646649,1.0,3.02017291066
NikonD5200_0087.PNG
3.05023989412,1.0,1.61267749366
SonyA57_0078.PNG
2.80305771666,1.0,1.5162711035
SamsungNX2000_0174.PNG
2.23238550579,1.0,1.96685511584
SonyA57_0163.PNG
1.57092614302,1.0,2.9614769984
OlympusEPL6_0031.PNG
1.92021586931,1.0,1.87182312587
SamsungNX2000_0047.PNG
2.81925207756,1.0,1.85213830755
PanasonicGX1_0130.PNG
1.29343897693,1.0,2.97636183348
NikonD5200_0124.PNG
2.52951240376,1.0,1.60890146363
SonyA57_0261.PNG
2.79702012384,1.0,1.54752027407
SonyA57_0263.PNG
2.74867798497,1.0,1.5124042879
OlympusEPL6_0184.PNG
1.93221412734,1.0,1.91683251283
PanasonicGX1_0120.PNG
2.29149694501,1.0,1.48433377309
SonyA57_0208.PNG
2.95392657428,1.0,1.46875
SonyA57_0100.PNG
1.54241576775,1.0,3.71575232595
Canon1DsMkIII_0233.PNG
2.06242472902,1.0,1.51772525849
Canon1DsMkIII_0199.PNG
1.23704285394,1.0,2.83397584169
Canon1DsMkIII_0188.PNG
2.06231658899,1.0,1.46239059918
FujifilmXM1_0196.PNG
1.82056611243,1.0,1.75065429455
SonyA57_0113.PNG
3.12994604317,1.0,1.67842790548
OlympusEPL6_0014.PNG
1.93722809198,1.0,1.8186061437
OlympusEPL6_0185.PNG
2.08990398603,1.0,1.7550904056
Canon1DsMkIII_0024.PNG
2.10298389226,1.0,1.56218124755
Canon1DsMkIII_0075.PNG
2.07776560789,1.0,1.47168347556
NikonD5200_0086.PNG
1.18218318695,1.0,4.59419265183
FujifilmXM1_0191.PNG
1.95606837607,1.0,1.6405734767
SamsungNX2000_0061.PNG
2.02160245043,1.0,2.29552610383
Canon600D_0169.PNG
2.23217598728,1.0,1.4168909825
Canon600D_0095.PNG
1.18006352309,1.0,2.8503983476
OlympusEPL6_0150.PNG
2.05409597673,1.0,1.74300756828
PanasonicGX1_0078.PNG
2.49210233593,1.0,1.43910585817
SamsungNX2000_0039.PNG
2.57363934426,1.0,1.51724137931
FujifilmXM1_0109.PNG
1.6990401674,1.0,2.16710182768
Canon1DsMkIII_0017.PNG
2.14788576489,1.0,1.39838570193
Canon1DsMkIII_0136.PNG
1.13685847589,1.0,4.10674157303
Canon1DsMkIII_0037.PNG
2.02982403817,1.0,1.46966098035
NikonD5200_0053.PNG
2.63544033142,1.0,1.48044441108
OlympusEPL6_0078.PNG
2.01429638323,1.0,1.80912226907
SonyA57_0180.PNG
2.82228606608,1.0,1.40559047473
Canon600D_0115.PNG
1.28783687663,1.0,2.63417394116
SonyA57_0142.PNG
2.88474283244,1.0,1.45865811904
PanasonicGX1_0102.PNG
2.49789896349,1.0,1.45273847992
PanasonicGX1_0107.PNG
2.47440273038,1.0,1.50900374181
SonyA57_0154.PNG
1.35289545278,1.0,2.87685950413
SamsungNX2000_0002.PNG
2.3775047259,1.0,1.70628137295
NikonD5200_0084.PNG
2.27632893131,1.0,1.77877986385
PanasonicGX1_0154.PNG
2.38722952043,1.0,1.53794610342
Canon1DsMkIII_0166.PNG
2.05865500603,1.0,1.67459830737
PanasonicGX1_0150.PNG
2.44727361757,1.0,1.49508547009
OlympusEPL6_0188.PNG
1.88259198243,1.0,1.85790158248
FujifilmXM1_0008.PNG
1.93768897068,1.0,1.67290886392
SamsungNX2000_0151.PNG
2.41388016158,1.0,1.59748264211
OlympusEPL6_0056.PNG
2.10612772241,1.0,1.97695772696
Canon600D_0187.PNG
2.31549051056,1.0,1.40569597144
Canon1DsMkIII_0011.PNG
1.87146321746,1.0,1.63028169014
FujifilmXM1_0093.PNG
0.962294735358,1.0,3.40668662675
FujifilmXM1_0144.PNG
1.85445682451,1.0,1.78724832215
SamsungNX2000_0149.PNG
2.49042252733,1.0,1.70776605944
NikonD5200_0111.PNG
2.07970079959,1.0,2.0637317635
SonyA57_0164.PNG
1.61013555145,1.0,2.75107906095
Canon600D_0122.PNG
1.36196736174,1.0,2.66356382979
FujifilmXM1_0100.PNG
1.98906964921,1.0,1.73744102137
Canon1DsMkIII_0163.PNG
2.1864697067,1.0,1.36034276073
SamsungNX2000_0178.PNG
2.46984058595,1.0,1.68809815951
FujifilmXM1_0182.PNG
1.96708735462,1.0,1.71093413689
PanasonicGX1_0166.PNG
2.32711812314,1.0,1.48043145306
SonyA57_0061.PNG
2.92971672033,1.0,1.35275566902
Canon600D_0011.PNG
2.19403691434,1.0,1.52474921888
Canon600D_0015.PNG
2.18880244512,1.0,1.46449154118
Canon1DsMkIII_0143.PNG
2.31412337662,1.0,1.31929662193
SonyA57_0153.PNG
3.24886672711,1.0,1.56007836308
OlympusEPL6_0190.PNG
1.91463823135,1.0,1.80205979717
Canon1DsMkIII_0090.PNG
2.01132603716,1.0,1.53327512612
SamsungNX2000_0107.PNG
2.63573543929,1.0,1.53325889297
PanasonicGX1_0095.PNG
1.41911853008,1.0,2.53170794413
NikonD5200_0095.PNG
1.27996235097,1.0,3.16883722134
OlympusEPL6_0083.PNG
2.19256897269,1.0,1.57724144809
SonyA57_0094.PNG
2.76154611955,1.0,1.51706099156
Canon1DsMkIII_0013.PNG
2.17678360268,1.0,1.48814335759
SamsungNX2000_0112.PNG
2.81085581086,1.0,1.40922902267
SamsungNX2000_0136.PNG
1.3323790438,1.0,3.35085319317
SamsungNX2000_0066.PNG
1.98667732481,1.0,2.17969206782
Canon1DsMkIII_0006.PNG
2.01820824726,1.0,1.49039548023
OlympusEPL6_0171.PNG
1.87944078947,1.0,1.85684107897
SonyA57_0039.PNG
2.91829265827,1.0,1.40549225825
FujifilmXM1_0163.PNG
2.01080028329,1.0,1.67495022491
Canon1DsMkIII_0174.PNG
1.17785234899,1.0,2.9651531151
PanasonicGX1_0080.PNG
2.55713282895,1.0,1.48314860891
FujifilmXM1_0151.PNG
1.9443876972,1.0,1.6327075193
FujifilmXM1_0123.PNG
1.22912332838,1.0,3.71508128986
Canon600D_0159.PNG
1.37211093991,1.0,2.60284983559
NikonD5200_0043.PNG
2.51488873302,1.0,1.55463145447
Canon1DsMkIII_0023.PNG
2.40716612378,1.0,1.21801018879
Canon600D_0145.PNG
2.26352149268,1.0,1.48839105451
Canon600D_0110.PNG
2.29064935065,1.0,1.81947596451
SamsungNX2000_0135.PNG
1.34906900663,1.0,3.46587070929
NikonD5200_0026.PNG
2.48911764706,1.0,1.63536231884
NikonD5200_0077.PNG
2.68937356837,1.0,1.51367713004
FujifilmXM1_0150.PNG
1.33130810336,1.0,1.93808610401
Canon1DsMkIII_0215.PNG
1.32728383213,1.0,2.56180532166
Canon600D_0078.PNG
2.31133773245,1.0,1.4428009736
NikonD5200_0096.PNG
3.00018548287,1.0,1.4422648239
SamsungNX2000_0180.PNG
2.43793308256,1.0,1.59710513346
PanasonicGX1_0119.PNG
2.63131144252,1.0,1.4588261466
SonyA57_0020.PNG
2.83808044191,1.0,1.50132407999
Canon600D_0119.PNG
2.1062468258,1.0,1.47597693786
Canon600D_0137.PNG
1.31350599941,1.0,3.01832548756
PanasonicGX1_0191.PNG
2.5707239459,1.0,1.38188504961
FujifilmXM1_0036.PNG
2.00918807425,1.0,1.56377699942
OlympusEPL6_0016.PNG
1.97061828088,1.0,1.78050281294
FujifilmXM1_0122.PNG
1.27373546118,1.0,3.45893932716
FujifilmXM1_0047.PNG
1.80690737834,1.0,2.2805974699
PanasonicGX1_0143.PNG
2.36040739035,1.0,1.47066326531
Canon1DsMkIII_0091.PNG
2.03875752064,1.0,1.47449908925
SonyA57_0092.PNG
2.61408723748,1.0,1.62481423465
